Tree,Model,Feature,LogLikelihood,AICc,Clade,p0,p1
214,ER,GB020,-13.1484238869499,28.3646443840693,Turkic,0.999994247212043,5.75278795655245e-06
214,ER,GB020,-13.1484238869499,28.3646443840693,Tungusic,0.999977765664268,2.22343357316829e-05
214,ER,GB020,-13.1484238869499,28.3646443840693,Mongolic,0.99999685270037,3.1472996302919e-06
214,ER,GB020,-13.1484238869499,28.3646443840693,Japonic,0.999995892580952,4.10741904776856e-06
214,ER,GB020,-13.1484238869499,28.3646443840693,Koreanic,0.99998912956582,1.087043417958e-05
214,ARD,GB020,-11.3998008131249,27.0064981779739,Turkic,0.945012171155081,0.0549878288449188
214,ARD,GB020,-11.3998008131249,27.0064981779739,Tungusic,0.935865149741004,0.0641348502589963
214,ARD,GB020,-11.3998008131249,27.0064981779739,Mongolic,0.930937662334257,0.0690623376657432
214,ARD,GB020,-11.3998008131249,27.0064981779739,Japonic,0.942890049419503,0.0571099505804966
214,ARD,GB020,-11.3998008131249,27.0064981779739,Koreanic,0.985014456371028,0.0149855436289724
214,ER,GB021,-9.69710900217747,21.4620146145244,Turkic,0.999999095588891,9.04411108990633e-07
214,ER,GB021,-9.69710900217747,21.4620146145244,Tungusic,0.999969186165809,3.08138341914663e-05
214,ER,GB021,-9.69710900217747,21.4620146145244,Mongolic,0.999999576856281,4.23143718496835e-07
214,ER,GB021,-9.69710900217747,21.4620146145244,Japonic,0.99999947123095,5.28769049524258e-07
214,ER,GB021,-9.69710900217747,21.4620146145244,Koreanic,0.999998176537589,1.82346241103018e-06
214,ARD,GB021,-8.49085630026647,21.1886091522571,Turkic,0.964766610335169,0.0352333896648313
214,ARD,GB021,-8.49085630026647,21.1886091522571,Tungusic,0.964411762399061,0.0355882376009388
214,ARD,GB021,-8.49085630026647,21.1886091522571,Mongolic,0.964451768859204,0.035548231140796
214,ARD,GB021,-8.49085630026647,21.1886091522571,Japonic,0.964689985492498,0.0353100145075015
214,ARD,GB021,-8.49085630026647,21.1886091522571,Koreanic,0.983382727799286,0.0166172722007142
214,ER,GB022,-55.9063485357837,113.880493681737,Turkic,0.916201178958723,0.080840311441331
214,ER,GB022,-55.9063485357837,113.880493681737,Tungusic,0.990775376360305,0.00748486063392758
214,ER,GB022,-55.9063485357837,113.880493681737,Mongolic,0.998961477194498,0.000649514582588379
214,ER,GB022,-55.9063485357837,113.880493681737,Japonic,0.985251978310718,0.0129172100351311
214,ER,GB022,-55.9063485357837,113.880493681737,Koreanic,0.999055030283234,0.000473247019439439
214,ARD,GB022,-39.5399602682062,92.6354760919679,Turkic,0.729394983346533,0.252722199022785
214,ARD,GB022,-39.5399602682062,92.6354760919679,Tungusic,0.72939498371214,0.252722198693079
214,ARD,GB022,-39.5399602682062,92.6354760919679,Mongolic,0.729394985032658,0.25272219750223
214,ARD,GB022,-39.5399602682062,92.6354760919679,Japonic,0.729394983585731,0.252722198807075
214,ARD,GB022,-39.5399602682062,92.6354760919679,Koreanic,0.750448733158764,0.233710736015501
214,ER,GB023,-15.1585927625284,32.3849821352262,Turkic,0.999990482817756,9.51718224443604e-06
214,ER,GB023,-15.1585927625284,32.3849821352262,Tungusic,0.99996307088138,3.69291186203892e-05
214,ER,GB023,-15.1585927625284,32.3849821352262,Mongolic,0.999990614516476,9.3854835236392e-06
214,ER,GB023,-15.1585927625284,32.3849821352262,Japonic,0.999992690448697,7.30955130343111e-06
214,ER,GB023,-15.1585927625284,32.3849821352262,Koreanic,0.999982470351845,1.75296481552133e-05
214,ARD,GB023,-13.6575646328003,31.5220258173247,Turkic,0.963886573906795,0.0361134260932049
214,ARD,GB023,-13.6575646328003,31.5220258173247,Tungusic,0.866259670174395,0.133740329825605
214,ARD,GB023,-13.6575646328003,31.5220258173247,Mongolic,0.792753455331456,0.207246544668544
214,ARD,GB023,-13.6575646328003,31.5220258173247,Japonic,0.954801193453782,0.0451988065462182
214,ARD,GB023,-13.6575646328003,31.5220258173247,Koreanic,0.990734904699032,0.00926509530096763
214,ER,GB026,-66.7635070409718,135.594810692113,Turkic,0.333333333333333,0.333333333333333
214,ER,GB026,-66.7635070409718,135.594810692113,Tungusic,0.333333333333333,0.333333333333333
214,ER,GB026,-66.7635070409718,135.594810692113,Mongolic,0.333333333333333,0.333333333333333
214,ER,GB026,-66.7635070409718,135.594810692113,Japonic,0.333333333333333,0.333333333333333
214,ER,GB026,-66.7635070409718,135.594810692113,Koreanic,0.333333333333333,0.333333333333333
214,ARD,GB026,-59.1713001146903,131.898155784936,Turkic,0.356248113622412,0.133525494583593
214,ARD,GB026,-59.1713001146903,131.898155784936,Tungusic,0.356248113622411,0.133525494583593
214,ARD,GB026,-59.1713001146903,131.898155784936,Mongolic,0.356248113622412,0.133525494583593
214,ARD,GB026,-59.1713001146903,131.898155784936,Japonic,0.356248113622412,0.133525494583593
214,ARD,GB026,-59.1713001146903,131.898155784936,Koreanic,0.356248113622412,0.133525494583593
214,ER,GB027,-67.2571630548067,136.582122719783,Turkic,0.333333333333333,0.333333333333333
214,ER,GB027,-67.2571630548067,136.582122719783,Tungusic,0.333333333333333,0.333333333333333
214,ER,GB027,-67.2571630548067,136.582122719783,Mongolic,0.333333333333333,0.333333333333333
214,ER,GB027,-67.2571630548067,136.582122719783,Japonic,0.333333333333333,0.333333333333333
214,ER,GB027,-67.2571630548067,136.582122719783,Koreanic,0.333333333333333,0.333333333333333
214,ARD,GB027,-63.3053032238736,140.166162003303,Turkic,0.324346313431238,0.273677533342176
214,ARD,GB027,-63.3053032238736,140.166162003303,Tungusic,0.321316526073532,0.274869850272577
214,ARD,GB027,-63.3053032238736,140.166162003303,Mongolic,0.318447935581755,0.275999189691019
214,ARD,GB027,-63.3053032238736,140.166162003303,Japonic,0.321969470031332,0.274612729124925
214,ARD,GB027,-63.3053032238736,140.166162003303,Koreanic,0.842265688662792,0.0666606154288528
214,ER,GB028,-56.2235165518526,114.514829713875,Turkic,0.999353592764401,0.000382820855047404
214,ER,GB028,-56.2235165518526,114.514829713875,Tungusic,0.0524002821035607,0.945272966314604
214,ER,GB028,-56.2235165518526,114.514829713875,Mongolic,0.0408292705588861,0.957885506905181
214,ER,GB028,-56.2235165518526,114.514829713875,Japonic,0.997085508515636,0.00209630414267724
214,ER,GB028,-56.2235165518526,114.514829713875,Koreanic,0.993163962738459,0.00562185019238064
214,ARD,GB028,-37.9270484638537,89.4096524832629,Turkic,0.92550081750119,0.00590391246640555
214,ARD,GB028,-37.9270484638537,89.4096524832629,Tungusic,1.72522834428777e-19,1
214,ARD,GB028,-37.9270484638537,89.4096524832629,Mongolic,9.650703705321e-20,1
214,ARD,GB028,-37.9270484638537,89.4096524832629,Japonic,0.905450910389627,0.0274797043315739
214,ARD,GB028,-37.9270484638537,89.4096524832629,Koreanic,0.920059809498179,0.0120442388036707
214,ER,GB030,-29.1194522414739,60.3067010931172,Turkic,0.999996055330835,2.01202132296473e-06
214,ER,GB030,-29.1194522414739,60.3067010931172,Tungusic,0.999995407330055,2.29635380688211e-06
214,ER,GB030,-29.1194522414739,60.3067010931172,Mongolic,0.999998140087904,9.2995753160986e-07
214,ER,GB030,-29.1194522414739,60.3067010931172,Japonic,0.999979182022896,1.83694799864344e-05
214,ER,GB030,-29.1194522414739,60.3067010931172,Koreanic,0.999992446689827,3.77665509573588e-06
214,ARD,GB030,-17.1036411989456,47.7628379534468,Turkic,0.933383759311079,0.017541498055862
214,ARD,GB030,-17.1036411989456,47.7628379534468,Tungusic,0.933383759311079,0.017541498055862
214,ARD,GB030,-17.1036411989456,47.7628379534468,Mongolic,0.933383759311079,0.017541498055862
214,ARD,GB030,-17.1036411989456,47.7628379534468,Japonic,0.933383759311079,0.017541498055862
214,ARD,GB030,-17.1036411989456,47.7628379534468,Koreanic,0.933383759311169,0.0175414980558385
214,ER,GB031,-36.0760841561997,74.2199649225689,Turkic,0.999969897207918,2.12651914229664e-05
214,ER,GB031,-36.0760841561997,74.2199649225689,Tungusic,0.99998091577863,9.54212089840289e-06
214,ER,GB031,-36.0760841561997,74.2199649225689,Mongolic,0.999991750264727,4.12486883600095e-06
214,ER,GB031,-36.0760841561997,74.2199649225689,Japonic,0.999986636718851,7.33774254508493e-06
214,ER,GB031,-36.0760841561997,74.2199649225689,Koreanic,0.999971590690968,1.42046545240171e-05
214,ARD,GB031,-24.7190366757721,62.9936289070998,Turkic,0.874728629419257,0.0726284343766034
214,ARD,GB031,-24.7190366757721,62.9936289070998,Tungusic,0.92067565019774,0.0260609383996324
214,ARD,GB031,-24.7190366757721,62.9936289070998,Mongolic,0.924900510678308,0.0218594003374171
214,ARD,GB031,-24.7190366757721,62.9936289070998,Japonic,0.877488298464938,0.0698716273943637
214,ARD,GB031,-24.7190366757721,62.9936289070998,Koreanic,0.943061802331769,0.00410906305718185
214,ER,GB035,-58.5485229602873,119.164842530744,Turkic,0.184772269749933,0.806412726562239
214,ER,GB035,-58.5485229602873,119.164842530744,Tungusic,0.988994983168217,0.0070167358190485
214,ER,GB035,-58.5485229602873,119.164842530744,Mongolic,0.981963304135484,0.0138745850918924
214,ER,GB035,-58.5485229602873,119.164842530744,Japonic,0.163248486760612,0.822805432828141
214,ER,GB035,-58.5485229602873,119.164842530744,Koreanic,0.00947174421794267,0.987129832915935
214,ARD,GB035,-44.3907483568461,102.337052269248,Turkic,0.0171172450526788,0.770503342674706
214,ARD,GB035,-44.3907483568461,102.337052269248,Tungusic,0.971198243255811,0.0226937227269116
214,ARD,GB035,-44.3907483568461,102.337052269248,Mongolic,0.951408582981227,0.0382805197791266
214,ARD,GB035,-44.3907483568461,102.337052269248,Japonic,0.0214616147266802,0.767121410773608
214,ARD,GB035,-44.3907483568461,102.337052269248,Koreanic,0.00926544741877548,0.777719917309467
214,ER,GB037,-37.5952397350724,77.2582760803143,Turkic,0.999983509635049,8.24524973185833e-06
214,ER,GB037,-37.5952397350724,77.2582760803143,Tungusic,0.999979509141101,1.02454311427698e-05
214,ER,GB037,-37.5952397350724,77.2582760803143,Mongolic,0.999991108622635,4.44723052559488e-06
214,ER,GB037,-37.5952397350724,77.2582760803143,Japonic,0.999987292831347,6.35358493439343e-06
214,ER,GB037,-37.5952397350724,77.2582760803143,Koreanic,0.999969689754036,1.5155124332286e-05
214,ARD,GB037,-25.7328834325085,65.0213224205725,Turkic,0.891709484966232,0.0332100283890365
214,ARD,GB037,-25.7328834325085,65.0213224205725,Tungusic,0.891709484966232,0.0332100283890366
214,ARD,GB037,-25.7328834325085,65.0213224205725,Mongolic,0.891709484966232,0.0332100283890365
214,ARD,GB037,-25.7328834325085,65.0213224205725,Japonic,0.891709484966232,0.0332100283890365
214,ARD,GB037,-25.7328834325085,65.0213224205725,Koreanic,0.891728816810261,0.0331923821647076
214,ER,GB039,-50.8820142752666,103.831825160703,Turkic,0.998096869800807,0.00136405514128617
214,ER,GB039,-50.8820142752666,103.831825160703,Tungusic,0.95358082897388,0.0422286738404533
214,ER,GB039,-50.8820142752666,103.831825160703,Mongolic,0.208236262626936,0.787549235236239
214,ER,GB039,-50.8820142752666,103.831825160703,Japonic,0.986173550282671,0.0118812577802249
214,ER,GB039,-50.8820142752666,103.831825160703,Koreanic,0.0394222178833539,0.944292787131454
214,ARD,GB039,-39.981510325558,93.5185762066716,Turkic,0.72915934820241,0.218912533243959
214,ARD,GB039,-39.981510325558,93.5185762066716,Tungusic,0.726237200447678,0.222007557431317
214,ARD,GB039,-39.981510325558,93.5185762066716,Mongolic,0.715143196051437,0.233921639884154
214,ARD,GB039,-39.981510325558,93.5185762066716,Japonic,0.726534412281097,0.221770207212792
214,ARD,GB039,-39.981510325558,93.5185762066716,Koreanic,0.440112287480669,0.529369448104258
214,ER,GB041,-47.1659950606296,96.3997867314287,Turkic,0.999951307599473,2.43462004503275e-05
214,ER,GB041,-47.1659950606296,96.3997867314287,Tungusic,0.999936427444957,3.17871498474135e-05
214,ER,GB041,-47.1659950606296,96.3997867314287,Mongolic,0.999968275866666,1.61527361104137e-05
214,ER,GB041,-47.1659950606296,96.3997867314287,Japonic,0.999953503795304,2.32481058134166e-05
214,ER,GB041,-47.1659950606296,96.3997867314287,Koreanic,0.999917005233417,4.1497801843946e-05
214,ARD,GB041,-27.1370852679907,67.829726091537,Turkic,0.863478298948162,0.0192483645000106
214,ARD,GB041,-27.1370852679907,67.829726091537,Tungusic,0.863035552462009,0.0197531973947125
214,ARD,GB041,-27.1370852679907,67.829726091537,Mongolic,0.860639509965578,0.0224854303815999
214,ARD,GB041,-27.1370852679907,67.829726091537,Japonic,0.863137228765201,0.0196372441911946
214,ARD,GB041,-27.1370852679907,67.829726091537,Koreanic,0.874913321097873,0.00619547038227853
214,ER,GB042,-4.28977873330917,10.6473540767878,Turkic,1,2.73025775008736e-29
214,ER,GB042,-4.28977873330917,10.6473540767878,Tungusic,1,3.06970810732459e-29
214,ER,GB042,-4.28977873330917,10.6473540767878,Mongolic,1,1.04114936970294e-29
214,ER,GB042,-4.28977873330917,10.6473540767878,Japonic,1,1.21525408104206e-29
214,ER,GB042,-4.28977873330917,10.6473540767878,Koreanic,1,5.9431757667976e-29
214,ARD,GB042,-4.28977873366869,12.7864540190615,Turkic,1,4.97545684944693e-29
214,ARD,GB042,-4.28977873366869,12.7864540190615,Tungusic,1,5.59405068629174e-29
214,ARD,GB042,-4.28977873366869,12.7864540190615,Mongolic,1,1.89732774380275e-29
214,ARD,GB042,-4.28977873366869,12.7864540190615,Japonic,1,2.21460565795388e-29
214,ARD,GB042,-4.28977873366869,12.7864540190615,Koreanic,1,1.08304846133929e-28
214,ER,GB043,-5.36825341088199,12.8043034319335,Turkic,1,2.73025775008736e-29
214,ER,GB043,-5.36825341088199,12.8043034319335,Tungusic,1,3.06970810732459e-29
214,ER,GB043,-5.36825341088199,12.8043034319335,Mongolic,1,1.04114936970294e-29
214,ER,GB043,-5.36825341088199,12.8043034319335,Japonic,1,1.21525408104206e-29
214,ER,GB043,-5.36825341088199,12.8043034319335,Koreanic,1,5.9431757667976e-29
214,ARD,GB043,-5.36825341098687,14.9434033736979,Turkic,1,4.97545684944693e-29
214,ARD,GB043,-5.36825341098687,14.9434033736979,Tungusic,1,5.59405068629174e-29
214,ARD,GB043,-5.36825341098687,14.9434033736979,Mongolic,1,1.89732774380275e-29
214,ARD,GB043,-5.36825341098687,14.9434033736979,Japonic,1,2.21460565795388e-29
214,ARD,GB043,-5.36825341098687,14.9434033736979,Koreanic,1,1.08304846133929e-28
214,ER,GB044,-50.3543770842461,102.776550778662,Turkic,0.0289976779114545,0.968374948231738
214,ER,GB044,-50.3543770842461,102.776550778662,Tungusic,0.100640502038872,0.895043850077325
214,ER,GB044,-50.3543770842461,102.776550778662,Mongolic,0.0420421781497759,0.956591441703133
214,ER,GB044,-50.3543770842461,102.776550778662,Japonic,0.355572713218816,0.634820575526998
214,ER,GB044,-50.3543770842461,102.776550778662,Koreanic,0.223849619639981,0.768009833937007
214,ARD,GB044,-39.8012715025255,93.1580985606066,Turkic,0.163410453349579,0.826003689120266
214,ARD,GB044,-39.8012715025255,93.1580985606066,Tungusic,0.334260316280502,0.640383443199535
214,ARD,GB044,-39.8012715025255,93.1580985606066,Mongolic,0.242253571131188,0.740479682198209
214,ARD,GB044,-39.8012715025255,93.1580985606066,Japonic,0.332078443573536,0.643760193640597
214,ARD,GB044,-39.8012715025255,93.1580985606066,Koreanic,0.428100736643821,0.548797922928747
214,ER,GB046,-67.0864863876997,136.240769385569,Turkic,0.333333333333333,0.333333333333333
214,ER,GB046,-67.0864863876997,136.240769385569,Tungusic,0.333333333333333,0.333333333333333
214,ER,GB046,-67.0864863876997,136.240769385569,Mongolic,0.333333333333333,0.333333333333333
214,ER,GB046,-67.0864863876997,136.240769385569,Japonic,0.333333333333333,0.333333333333333
214,ER,GB046,-67.0864863876997,136.240769385569,Koreanic,0.333333333333333,0.333333333333333
214,ARD,GB046,-56.1948152618115,125.945186079179,Turkic,0.0857397649534771,0.43443797936854
214,ARD,GB046,-56.1948152618115,125.945186079179,Tungusic,0.085739764953477,0.43443797936854
214,ARD,GB046,-56.1948152618115,125.945186079179,Mongolic,0.085739764953477,0.43443797936854
214,ARD,GB046,-56.1948152618115,125.945186079179,Japonic,0.0857397649534771,0.43443797936854
214,ARD,GB046,-56.1948152618115,125.945186079179,Koreanic,0.085739766609489,0.434437979077335
214,ER,GB047,-59.2898219595899,120.647440529349,Turkic,0.00341226810605424,0.994048719789056
214,ER,GB047,-59.2898219595899,120.647440529349,Tungusic,0.00269636681904641,0.99467015943146
214,ER,GB047,-59.2898219595899,120.647440529349,Mongolic,0.00274482607885226,0.995256646661867
214,ER,GB047,-59.2898219595899,120.647440529349,Japonic,0.0163550107338925,0.974283691118429
214,ER,GB047,-59.2898219595899,120.647440529349,Koreanic,0.00119973819557395,0.997604315976922
214,ARD,GB047,-47.4969669139561,108.549489383468,Turkic,0.0579183010151864,0.65706617465467
214,ARD,GB047,-47.4969669139561,108.549489383468,Tungusic,0.0581931056923955,0.656883258587439
214,ARD,GB047,-47.4969669139561,108.549489383468,Mongolic,0.0599315906387545,0.655792970181436
214,ARD,GB047,-47.4969669139561,108.549489383468,Japonic,0.0588893055905308,0.656464394064865
214,ARD,GB047,-47.4969669139561,108.549489383468,Koreanic,0.017075226491736,0.683675215335656
214,ER,GB048,-66.7635756819928,135.594947974155,Turkic,0.333333333333333,0.333333333333333
214,ER,GB048,-66.7635756819928,135.594947974155,Tungusic,0.333333333333333,0.333333333333333
214,ER,GB048,-66.7635756819928,135.594947974155,Mongolic,0.333333333333333,0.333333333333333
214,ER,GB048,-66.7635756819928,135.594947974155,Japonic,0.333333333333333,0.333333333333333
214,ER,GB048,-66.7635756819928,135.594947974155,Koreanic,0.333333333333333,0.333333333333334
214,ARD,GB048,-56.3036061697718,126.162767895099,Turkic,0.109770198387736,0.521439337762919
214,ARD,GB048,-56.3036061697718,126.162767895099,Tungusic,0.109770624830894,0.521439096371944
214,ARD,GB048,-56.3036061697718,126.162767895099,Mongolic,0.109764247984927,0.521442629591023
214,ARD,GB048,-56.3036061697718,126.162767895099,Japonic,0.109769916145217,0.521439497557194
214,ARD,GB048,-56.3036061697718,126.162767895099,Koreanic,0.22093934404576,0.458750445561545
214,ER,GB049,-57.3480403285378,116.763877267245,Turkic,0.0117202416356688,0.983997870691815
214,ER,GB049,-57.3480403285378,116.763877267245,Tungusic,0.0050111185758728,0.992162135598042
214,ER,GB049,-57.3480403285378,116.763877267245,Mongolic,0.00213199644383338,0.996391527765448
214,ER,GB049,-57.3480403285378,116.763877267245,Japonic,0.0881588478132363,0.889730398412737
214,ER,GB049,-57.3480403285378,116.763877267245,Koreanic,0.000966525371531669,0.998070592829782
214,ARD,GB049,-51.1404934196403,115.836542394836,Turkic,0.0399997379514868,0.737867327853999
214,ARD,GB049,-51.1404934196403,115.836542394836,Tungusic,0.0437060642990944,0.7319368574677
214,ARD,GB049,-51.1404934196403,115.836542394836,Mongolic,0.0351235830959566,0.752699304328808
214,ARD,GB049,-51.1404934196403,115.836542394836,Japonic,0.0974918685239836,0.616439299989939
214,ARD,GB049,-51.1404934196403,115.836542394836,Koreanic,0.000662401171425319,0.954565059303871
214,ER,GB057,-66.7635070409689,135.594810692107,Turkic,0.333333333333333,0.333333333333333
214,ER,GB057,-66.7635070409689,135.594810692107,Tungusic,0.333333333333333,0.333333333333333
214,ER,GB057,-66.7635070409689,135.594810692107,Mongolic,0.333333333333333,0.333333333333333
214,ER,GB057,-66.7635070409689,135.594810692107,Japonic,0.333333333333333,0.333333333333333
214,ER,GB057,-66.7635070409689,135.594810692107,Koreanic,0.333333333333333,0.333333333333333
214,ARD,GB057,-51.4498651983561,116.455285952268,Turkic,0.642241938880485,0.274870556006256
214,ARD,GB057,-51.4498651983561,116.455285952268,Tungusic,0.642241938880485,0.274870556006256
214,ARD,GB057,-51.4498651983561,116.455285952268,Mongolic,0.642241938880486,0.274870556006256
214,ARD,GB057,-51.4498651983561,116.455285952268,Japonic,0.642241938880485,0.274870556006257
214,ARD,GB057,-51.4498651983561,116.455285952268,Koreanic,0.642241936491741,0.274870557167541
214,ER,GB059,-46.0062570322901,94.0803106747497,Turkic,0.998263078438748,0.00148338649231527
214,ER,GB059,-46.0062570322901,94.0803106747497,Tungusic,0.5418976425199,0.455742869726642
214,ER,GB059,-46.0062570322901,94.0803106747497,Mongolic,0.998681530151442,0.00121686391776879
214,ER,GB059,-46.0062570322901,94.0803106747497,Japonic,0.99972561282202,0.000202724233838666
214,ER,GB059,-46.0062570322901,94.0803106747497,Koreanic,0.999845006127282,8.1598457953134e-05
214,ARD,GB059,-35.2822978150695,84.1201511856945,Turkic,0.882258066390118,0.0417166616327796
214,ARD,GB059,-35.2822978150695,84.1201511856945,Tungusic,0.083185727746628,0.909843455823933
214,ARD,GB059,-35.2822978150695,84.1201511856945,Mongolic,0.841678361004092,0.0859748535164888
214,ARD,GB059,-35.2822978150695,84.1201511856945,Japonic,0.885009922658164,0.0385124883855933
214,ARD,GB059,-35.2822978150695,84.1201511856945,Koreanic,0.918358811875968,0.00221669493329737
214,ER,GB068,-55.2171862943757,112.502169198921,Turkic,0.934956750469429,0.0595020576897384
214,ER,GB068,-55.2171862943757,112.502169198921,Tungusic,0.99584638721345,0.00262466254546594
214,ER,GB068,-55.2171862943757,112.502169198921,Mongolic,0.990965951625703,0.00716066668830012
214,ER,GB068,-55.2171862943757,112.502169198921,Japonic,0.528833616685718,0.453228464762058
214,ER,GB068,-55.2171862943757,112.502169198921,Koreanic,0.00784655952969472,0.989865784637294
214,ARD,GB068,-46.2615986256184,106.078752806792,Turkic,0.600867829407474,0.307337405293307
214,ARD,GB068,-46.2615986256184,106.078752806792,Tungusic,0.819741932314302,0.0483512059328539
214,ARD,GB068,-46.2615986256184,106.078752806792,Mongolic,0.803976639619565,0.0678428204542478
214,ARD,GB068,-46.2615986256184,106.078752806792,Japonic,0.361385750809681,0.584623750338012
214,ARD,GB068,-46.2615986256184,106.078752806792,Koreanic,0.0134275387829493,0.985143297195448
214,ER,GB069,-50.0019497335038,102.071696077177,Turkic,0.99179502016063,0.0075787073475005
214,ER,GB069,-50.0019497335038,102.071696077177,Tungusic,0.999395586122656,0.000376420741103251
214,ER,GB069,-50.0019497335038,102.071696077177,Mongolic,0.99752623955496,0.00208939805228779
214,ER,GB069,-50.0019497335038,102.071696077177,Japonic,0.850179782540233,0.146118448977103
214,ER,GB069,-50.0019497335038,102.071696077177,Koreanic,0.00522198003141467,0.99380277905699
214,ARD,GB069,-42.3501268367963,98.2558092291481,Turkic,0.745948256784006,0.159226027346807
214,ARD,GB069,-42.3501268367963,98.2558092291481,Tungusic,0.86222776129764,0.0423867874402295
214,ARD,GB069,-42.3501268367963,98.2558092291481,Mongolic,0.838269470077485,0.0664506956999228
214,ARD,GB069,-42.3501268367963,98.2558092291481,Japonic,0.484913789668312,0.451953646457356
214,ARD,GB069,-42.3501268367963,98.2558092291481,Koreanic,0.00857677334698646,0.988538463823158
214,ER,GB070,-6.83865738383182,15.7451113778331,Turkic,1.34257401724222e-06,0.999998657425983
214,ER,GB070,-6.83865738383182,15.7451113778331,Tungusic,4.35093090420776e-05,0.999956490690958
214,ER,GB070,-6.83865738383182,15.7451113778331,Mongolic,6.49242061437695e-07,0.999999350757939
214,ER,GB070,-6.83865738383182,15.7451113778331,Japonic,1.31099825297472e-06,0.999998689001747
214,ER,GB070,-6.83865738383182,15.7451113778331,Koreanic,2.64749201171089e-06,0.999997352507988
214,ARD,GB070,-6.49995500975346,17.2068065712311,Turkic,7.50496389021916e-22,1
214,ARD,GB070,-6.49995500975346,17.2068065712311,Tungusic,2.43261913280941e-20,1
214,ARD,GB070,-6.49995500975346,17.2068065712311,Mongolic,2.82246917950661e-22,1
214,ARD,GB070,-6.49995500975346,17.2068065712311,Japonic,3.33992656606743e-22,1
214,ARD,GB070,-6.49995500975346,17.2068065712311,Koreanic,1.6260166452713e-21,1
214,ER,GB071,-17.2688109553182,36.6054185208059,Turkic,7.28059770818268e-07,0.999998550174223
214,ER,GB071,-17.2688109553182,36.6054185208059,Tungusic,9.23071451954119e-07,0.999998222464461
214,ER,GB071,-17.2688109553182,36.6054185208059,Mongolic,2.40512075504746e-06,0.999997181340072
214,ER,GB071,-17.2688109553182,36.6054185208059,Japonic,6.72710136433806e-07,0.999998876946331
214,ER,GB071,-17.2688109553182,36.6054185208059,Koreanic,0.0349646209049327,0.964813818294612
214,ARD,GB071,-13.2330992562355,40.0217540680265,Turkic,3.4456501067041e-21,0.984324069554958
214,ARD,GB071,-13.2330992562355,40.0217540680265,Tungusic,3.81851933678616e-21,0.984322861820728
214,ARD,GB071,-13.2330992562355,40.0217540680265,Mongolic,1.29159658999177e-21,0.984333418379574
214,ARD,GB071,-13.2330992562355,40.0217540680265,Japonic,1.52833491992597e-21,0.984356013058207
214,ARD,GB071,-13.2330992562355,40.0217540680265,Koreanic,2.23257436871675e-09,0.938627767399623
214,ER,GB072,-6.83865738309226,15.745111376354,Turkic,1.34252622755067e-06,0.999998657473772
214,ER,GB072,-6.83865738309226,15.745111376354,Tungusic,4.35082290053352e-05,0.999956491770995
214,ER,GB072,-6.83865738309226,15.745111376354,Mongolic,6.49217377335032e-07,0.999999350782623
214,ER,GB072,-6.83865738309226,15.745111376354,Japonic,1.3109491926268e-06,0.999998689050807
214,ER,GB072,-6.83865738309226,15.745111376354,Koreanic,2.64740063651649e-06,0.999997352599364
214,ARD,GB072,-6.49995500994342,17.206806571611,Turkic,7.50241907785518e-22,1
214,ARD,GB072,-6.49995500994342,17.206806571611,Tungusic,2.43255474546001e-20,1
214,ARD,GB072,-6.49995500994342,17.206806571611,Mongolic,2.82152507963733e-22,1
214,ARD,GB072,-6.49995500994342,17.206806571611,Japonic,3.33879423872918e-22,1
214,ARD,GB072,-6.49995500994342,17.206806571611,Koreanic,1.62546782117128e-21,1
214,ER,GB073,-20.8233416716178,43.714479953405,Turkic,7.17930391796254e-07,0.99999857033987
214,ER,GB073,-20.8233416716178,43.714479953405,Tungusic,8.95413409158448e-07,0.999998262636608
214,ER,GB073,-20.8233416716178,43.714479953405,Mongolic,3.27623287835268e-07,0.999999347867734
214,ER,GB073,-20.8233416716178,43.714479953405,Japonic,6.62927110261124e-07,0.999998893621991
214,ER,GB073,-20.8233416716178,43.714479953405,Koreanic,1.43548011939335e-06,0.999997129057923
214,ARD,GB073,-12.1131318731771,37.7818193019098,Turkic,1.73379146145556e-21,0.967295896280323
214,ARD,GB073,-12.1131318731771,37.7818193019098,Tungusic,1.93613239859844e-21,0.96729580291312
214,ARD,GB073,-12.1131318731771,37.7818193019098,Mongolic,6.56983305817445e-22,0.967297320387763
214,ARD,GB073,-12.1131318731771,37.7818193019098,Japonic,7.72731504250501e-22,0.96730241415293
214,ARD,GB073,-12.1131318731771,37.7818193019098,Koreanic,3.64153804813058e-21,0.967295802913177
214,ER,GB074,-21.2133183254461,44.4944332610616,Turkic,0.999996450091489,1.77532089418708e-06
214,ER,GB074,-21.2133183254461,44.4944332610616,Tungusic,0.999995774356341,2.11282182957478e-06
214,ER,GB074,-21.2133183254461,44.4944332610616,Mongolic,0.999998201874609,8.99062695531493e-07
214,ER,GB074,-21.2133183254461,44.4944332610616,Japonic,0.99999777643749,1.11178234550476e-06
214,ER,GB074,-21.2133183254461,44.4944332610616,Koreanic,0.999993019059514,3.49047024274528e-06
214,ARD,GB074,-16.5704136768804,46.6963829093163,Turkic,0.925966736747168,0.0171694602051622
214,ARD,GB074,-16.5704136768804,46.6963829093163,Tungusic,0.925967768482213,0.0171692531158268
214,ARD,GB074,-16.5704136768804,46.6963829093163,Mongolic,0.925977212450963,0.0171670042929018
214,ARD,GB074,-16.5704136768804,46.6963829093163,Japonic,0.925961895361856,0.0171707669496879
214,ARD,GB074,-16.5704136768804,46.6963829093163,Koreanic,0.952135521057826,0.0104802005796986
214,ER,GB075,-20.8762751770663,43.820346964302,Turkic,4.28999866186383e-06,0.999991459188114
214,ER,GB075,-20.8762751770663,43.820346964302,Tungusic,5.51362164980865e-06,0.999989233291624
214,ER,GB075,-20.8762751770663,43.820346964302,Mongolic,2.3271718509936e-06,0.999995373005245
214,ER,GB075,-20.8762751770663,43.820346964302,Japonic,4.37854606228339e-06,0.999992292088905
214,ER,GB075,-20.8762751770663,43.820346964302,Koreanic,8.05356254069931e-06,0.999983893041363
214,ARD,GB075,-16.0445419538241,45.6446394632038,Turkic,7.68782740315895e-06,0.920993630081584
214,ARD,GB075,-16.0445419538241,45.6446394632038,Tungusic,3.14586589726044e-05,0.920891900387489
214,ARD,GB075,-16.0445419538241,45.6446394632038,Mongolic,7.12201711922343e-06,0.921619709469484
214,ARD,GB075,-16.0445419538241,45.6446394632038,Japonic,0.000103951482966306,0.919871073835798
214,ARD,GB075,-16.0445419538241,45.6446394632038,Koreanic,6.02776459387772e-08,0.970321025992838
214,ER,GB079,-5.3723215016244,12.8124396134183,Turkic,1,2.73025775285132e-29
214,ER,GB079,-5.3723215016244,12.8124396134183,Tungusic,1,3.06970810732459e-29
214,ER,GB079,-5.3723215016244,12.8124396134183,Mongolic,1,1.04114936970294e-29
214,ER,GB079,-5.3723215016244,12.8124396134183,Japonic,1,7.46935854418655e-21
214,ER,GB079,-5.3723215016244,12.8124396134183,Koreanic,1,5.9431757667976e-29
214,ARD,GB079,-5.37232150110015,14.9515395539244,Turkic,1,9.06697213752151e-29
214,ARD,GB079,-5.37232150110015,14.9515395539244,Tungusic,1,1.01942601709981e-28
214,ARD,GB079,-5.37232150110015,14.9515395539244,Mongolic,1,3.45757551821316e-29
214,ARD,GB079,-5.37232150110015,14.9515395539244,Japonic,1,2.48051547299712e-20
214,ARD,GB079,-5.37232150110015,14.9515395539244,Koreanic,1,1.97368211124339e-28
214,ER,GB080,-3.1431412888607,8.3540791878909,Turkic,7.69772375823994e-08,0.999999923022762
214,ER,GB080,-3.1431412888607,8.3540791878909,Tungusic,9.52423070262893e-08,0.999999904757693
214,ER,GB080,-3.1431412888607,8.3540791878909,Mongolic,3.22488002234729e-08,0.9999999677512
214,ER,GB080,-3.1431412888607,8.3540791878909,Japonic,6.82509415433333e-08,0.999999931749058
214,ER,GB080,-3.1431412888607,8.3540791878909,Koreanic,1.605797041251e-07,0.999999839420296
214,ARD,GB080,-2.23982432725249,8.68654520622912,Turkic,2.504572114739e-24,1
214,ARD,GB080,-2.23982432725249,8.68654520622912,Tungusic,2.81580871826746e-24,1
214,ARD,GB080,-2.23982432725249,8.68654520622912,Mongolic,9.55041623435508e-25,1
214,ARD,GB080,-2.23982432725249,8.68654520622912,Japonic,1.11479938103705e-24,1
214,ARD,GB080,-2.23982432725249,8.68654520622912,Koreanic,5.45182007098638e-24,1
214,ER,GB082,-43.2571592780103,88.5821151661901,Turkic,0.000121078211989104,0.999794108039884
214,ER,GB082,-43.2571592780103,88.5821151661901,Tungusic,0.000332984451336265,0.999520112367479
214,ER,GB082,-43.2571592780103,88.5821151661901,Mongolic,0.0002326386995665,0.999686742265545
214,ER,GB082,-43.2571592780103,88.5821151661901,Japonic,0.000542427797715117,0.999271327388399
214,ER,GB082,-43.2571592780103,88.5821151661901,Koreanic,0.137089322267401,0.859220712579779
214,ARD,GB082,-30.0095416623409,73.5746388802373,Turkic,0.152462884292879,0.829693310939797
214,ARD,GB082,-30.0095416623409,73.5746388802373,Tungusic,0.152421648977938,0.829402571014628
214,ARD,GB082,-30.0095416623409,73.5746388802373,Mongolic,0.15253836562945,0.830316594707057
214,ARD,GB082,-30.0095416623409,73.5746388802373,Japonic,0.152327304833026,0.828668823003917
214,ARD,GB082,-30.0095416623409,73.5746388802373,Koreanic,0.153758675480014,0.840996208270256
214,ER,GB083,-13.9664981539317,30.000792918033,Turkic,6.89713906042152e-06,0.99999310286094
214,ER,GB083,-13.9664981539317,30.000792918033,Tungusic,9.4090237835471e-06,0.999990590976216
214,ER,GB083,-13.9664981539317,30.000792918033,Mongolic,3.71949459253334e-06,0.999996280505407
214,ER,GB083,-13.9664981539317,30.000792918033,Japonic,8.00166033317161e-06,0.999991998339667
214,ER,GB083,-13.9664981539317,30.000792918033,Koreanic,1.27196516699403e-05,0.99998728034833
214,ARD,GB083,-13.7747418367317,31.7563802251876,Turkic,1.33198722608312e-21,1
214,ARD,GB083,-13.7747418367317,31.7563802251876,Tungusic,1.4563723991359e-21,1
214,ARD,GB083,-13.7747418367317,31.7563802251876,Mongolic,4.95801745605291e-22,1
214,ARD,GB083,-13.7747418367317,31.7563802251876,Japonic,5.92698975348256e-22,1
214,ARD,GB083,-13.7747418367317,31.7563802251876,Koreanic,2.875777375146e-21,1
214,ER,GB084,-60.003368636362,122.074533882894,Turkic,0.356251567785538,0.629404858691508
214,ER,GB084,-60.003368636362,122.074533882894,Tungusic,0.0645783231353739,0.925589400177482
214,ER,GB084,-60.003368636362,122.074533882894,Mongolic,0.504220208063513,0.482321850953889
214,ER,GB084,-60.003368636362,122.074533882894,Japonic,0.58076013040309,0.398224863880176
214,ER,GB084,-60.003368636362,122.074533882894,Koreanic,0.484938724583586,0.500200591951662
214,ARD,GB084,-50.9340307394538,115.423617034463,Turkic,0.300590158451168,0.666482821267929
214,ARD,GB084,-50.9340307394538,115.423617034463,Tungusic,0.127255564690603,0.858730475537756
214,ARD,GB084,-50.9340307394538,115.423617034463,Mongolic,0.44238361721278,0.507903887270416
214,ARD,GB084,-50.9340307394538,115.423617034463,Japonic,0.4807607468836,0.465215040736201
214,ARD,GB084,-50.9340307394538,115.423617034463,Koreanic,0.438018988839715,0.514981173880473
214,ER,GB086,-58.9105414793239,119.888879568817,Turkic,0.137340863518003,0.856411955767908
214,ER,GB086,-58.9105414793239,119.888879568817,Tungusic,0.00335634493797905,0.99503558416475
214,ER,GB086,-58.9105414793239,119.888879568817,Mongolic,0.00215609063293926,0.996968300806771
214,ER,GB086,-58.9105414793239,119.888879568817,Japonic,0.0276583357929568,0.968471171582777
214,ER,GB086,-58.9105414793239,119.888879568817,Koreanic,0.220481064354558,0.769105967716959
214,ARD,GB086,-42.5033018358698,98.5621592272952,Turkic,0.253449117951102,0.698057067519379
214,ARD,GB086,-42.5033018358698,98.5621592272952,Tungusic,0.251450965850553,0.700087371449318
214,ARD,GB086,-42.5033018358698,98.5621592272952,Mongolic,0.250003518276769,0.701558220939838
214,ARD,GB086,-42.5033018358698,98.5621592272952,Japonic,0.252162349148578,0.699364472345602
214,ARD,GB086,-42.5033018358698,98.5621592272952,Koreanic,0.367701487481761,0.573517979003569
214,ER,GB089,-29.8758762018335,61.8195490138365,Turkic,0.0708703780192008,0.929129621980799
214,ER,GB089,-29.8758762018335,61.8195490138365,Tungusic,0.12629488004878,0.87370511995122
214,ER,GB089,-29.8758762018335,61.8195490138365,Mongolic,0.356455425206635,0.643544574793365
214,ER,GB089,-29.8758762018335,61.8195490138365,Japonic,0.609506690947063,0.390493309052937
214,ER,GB089,-29.8758762018335,61.8195490138365,Koreanic,0.993053019002044,0.00694698099795597
214,ARD,GB089,-29.8064786728768,63.8198538974778,Turkic,0.0953570396327331,0.904642960367267
214,ARD,GB089,-29.8064786728768,63.8198538974778,Tungusic,0.201572123554923,0.798427876445077
214,ARD,GB089,-29.8064786728768,63.8198538974778,Mongolic,0.480807998382891,0.519192001617109
214,ARD,GB089,-29.8064786728768,63.8198538974778,Japonic,0.679392803555319,0.320607196444681
214,ARD,GB089,-29.8064786728768,63.8198538974778,Koreanic,0.994448418203369,0.00555158179663107
214,ER,GB091,-29.8758761968599,61.8195490038894,Turkic,0.0708657138668015,0.929134286133198
214,ER,GB091,-29.8758761968599,61.8195490038894,Tungusic,0.12629288515307,0.87370711484693
214,ER,GB091,-29.8758761968599,61.8195490038894,Mongolic,0.356456567985981,0.643543432014019
214,ER,GB091,-29.8758761968599,61.8195490038894,Japonic,0.609516631480599,0.390483368519401
214,ER,GB091,-29.8758761968599,61.8195490038894,Koreanic,0.993053511582518,0.00694648841748197
214,ARD,GB091,-29.8064784646035,63.8198534809312,Turkic,0.0953642518861083,0.904635748113892
214,ARD,GB091,-29.8064784646035,63.8198534809312,Tungusic,0.201516037799687,0.798483962200313
214,ARD,GB091,-29.8064784646035,63.8198534809312,Mongolic,0.480701498337002,0.519298501662998
214,ARD,GB091,-29.8064784646035,63.8198534809312,Japonic,0.679287887539187,0.320712112460813
214,ARD,GB091,-29.8064784646035,63.8198534809312,Koreanic,0.994445385976825,0.00555461402317525
214,ER,GB103,-17.8358867050275,37.7395700202244,Turkic,0.999998644094606,6.87631973487907e-07
214,ER,GB103,-17.8358867050275,37.7395700202244,Tungusic,0.999998432993142,7.85783095880435e-07
214,ER,GB103,-17.8358867050275,37.7395700202244,Mongolic,0.999997487892068,2.13346453325639e-06
214,ER,GB103,-17.8358867050275,37.7395700202244,Japonic,0.999991047899857,8.16846854606105e-06
214,ER,GB103,-17.8358867050275,37.7395700202244,Koreanic,0.965671263072573,0.0341178884377473
214,ARD,GB103,-13.5272431279483,40.6100418114521,Turkic,0.945339382221522,0.0362265005513005
214,ARD,GB103,-13.5272431279483,40.6100418114521,Tungusic,0.945339394239036,0.0362264880527483
214,ARD,GB103,-13.5272431279483,40.6100418114521,Mongolic,0.94533941549244,0.036226450990875
214,ARD,GB103,-13.5272431279483,40.6100418114521,Japonic,0.945339363384266,0.0362265203719737
214,ARD,GB103,-13.5272431279483,40.6100418114521,Koreanic,0.88236129714853,0.102261504004372
214,ER,GB105,-42.0949954812206,86.2577875726107,Turkic,0.997569306693758,0.00204945893743041
214,ER,GB105,-42.0949954812206,86.2577875726107,Tungusic,0.999769638506501,0.000120052361716094
214,ER,GB105,-42.0949954812206,86.2577875726107,Mongolic,0.999222111912116,0.000677914087172666
214,ER,GB105,-42.0949954812206,86.2577875726107,Japonic,0.998955357326365,0.000844029950265425
214,ER,GB105,-42.0949954812206,86.2577875726107,Koreanic,0.858626592377752,0.137665742038343
214,ARD,GB105,-33.2750828611982,80.105721277952,Turkic,0.811354044495241,0.0946006002972446
214,ARD,GB105,-33.2750828611982,80.105721277952,Tungusic,0.811377968973258,0.0945489834159499
214,ARD,GB105,-33.2750828611982,80.105721277952,Mongolic,0.811238118734716,0.0949986473741579
214,ARD,GB105,-33.2750828611982,80.105721277952,Japonic,0.811340586574,0.0945841310636752
214,ARD,GB105,-33.2750828611982,80.105721277952,Koreanic,0.695764968355299,0.272299750896289
214,ER,GB107,-44.4209020201253,90.9096006504201,Turkic,0.000185729038533946,0.999655343376065
214,ER,GB107,-44.4209020201253,90.9096006504201,Tungusic,0.1936295836859,0.804188123491137
214,ER,GB107,-44.4209020201253,90.9096006504201,Mongolic,0.618606259984901,0.377654224034173
214,ER,GB107,-44.4209020201253,90.9096006504201,Japonic,0.000651056641416701,0.99901324223033
214,ER,GB107,-44.4209020201253,90.9096006504201,Koreanic,0.0715735691079364,0.911558142311162
214,ARD,GB107,-37.6444628931272,88.8444813418099,Turkic,0.00199545637706376,0.976547908861332
214,ARD,GB107,-37.6444628931272,88.8444813418099,Tungusic,0.472378744241341,0.44517597101268
214,ARD,GB107,-37.6444628931272,88.8444813418099,Mongolic,0.819204091890776,0.165384812530993
214,ARD,GB107,-37.6444628931272,88.8444813418099,Japonic,0.00639839473908317,0.945555783682174
214,ARD,GB107,-37.6444628931272,88.8444813418099,Koreanic,0.0477843306289703,0.873829406238669
214,ER,GB108,-39.7690494747598,81.6058955596891,Turkic,0.999940766241774,3.12803010716786e-05
214,ER,GB108,-39.7690494747598,81.6058955596891,Tungusic,0.952694151195094,0.0463863222526438
214,ER,GB108,-39.7690494747598,81.6058955596891,Mongolic,0.99987948973375,9.74813126188056e-05
214,ER,GB108,-39.7690494747598,81.6058955596891,Japonic,0.999762702618375,0.000187216577096753
214,ER,GB108,-39.7690494747598,81.6058955596891,Koreanic,0.999907195038091,4.66574805163257e-05
214,ARD,GB108,-31.9127146126494,77.3809847808544,Turkic,0.912310162847674,0.0103086610346253
214,ARD,GB108,-31.9127146126494,77.3809847808544,Tungusic,0.513441906552915,0.44060738689305
214,ARD,GB108,-31.9127146126494,77.3809847808544,Mongolic,0.872238759907684,0.0540414034532483
214,ARD,GB108,-31.9127146126494,77.3809847808544,Japonic,0.890525424287301,0.0335214637571229
214,ARD,GB108,-31.9127146126494,77.3809847808544,Koreanic,0.919684586021401,0.00244497812198852
214,ER,GB110,-51.2933268998441,104.654450409858,Turkic,0.999486343149232,0.000285698422445921
214,ER,GB110,-51.2933268998441,104.654450409858,Tungusic,0.999429036229927,0.00028564507582604
214,ER,GB110,-51.2933268998441,104.654450409858,Mongolic,0.999660453621362,0.000169825073790086
214,ER,GB110,-51.2933268998441,104.654450409858,Japonic,0.997246697429781,0.00188439930913575
214,ER,GB110,-51.2933268998441,104.654450409858,Koreanic,0.985857847122387,0.00707108626155026
214,ARD,GB110,-35.4567333284958,84.4690222125471,Turkic,0.764759977924188,0.0155283879463405
214,ARD,GB110,-35.4567333284958,84.4690222125471,Tungusic,0.764760050054789,0.0155283860199752
214,ARD,GB110,-35.4567333284958,84.4690222125471,Mongolic,0.764760595086368,0.0155283709104122
214,ARD,GB110,-35.4567333284958,84.4690222125471,Japonic,0.764759851219757,0.0155283909497553
214,ARD,GB110,-35.4567333284958,84.4690222125471,Koreanic,0.78760266878708,0.0149477065695357
214,ER,GB111,-59.1535269094032,120.374850428976,Turkic,0.605326918019076,0.384153842648386
214,ER,GB111,-59.1535269094032,120.374850428976,Tungusic,0.0564505235231487,0.937522593273346
214,ER,GB111,-59.1535269094032,120.374850428976,Mongolic,0.876076407657721,0.118183256502302
214,ER,GB111,-59.1535269094032,120.374850428976,Japonic,0.167607992024957,0.822420557446445
214,ER,GB111,-59.1535269094032,120.374850428976,Koreanic,0.677169812328351,0.313141970466103
214,ARD,GB111,-50.6402733402792,114.836102236114,Turkic,0.0699760875805591,0.90132714806554
214,ARD,GB111,-50.6402733402792,114.836102236114,Tungusic,5.92854928768777e-05,0.999909658931898
214,ARD,GB111,-50.6402733402792,114.836102236114,Mongolic,0.285529010097215,0.503749484075992
214,ARD,GB111,-50.6402733402792,114.836102236114,Japonic,8.61464343932422e-05,0.999875789713304
214,ARD,GB111,-50.6402733402792,114.836102236114,Koreanic,0.166149997386934,0.761325324052824
214,ER,GB113,-40.4003792731068,82.8685551563831,Turkic,4.59464666244609e-05,0.999908464929262
214,ER,GB113,-40.4003792731068,82.8685551563831,Tungusic,6.4624180577937e-05,0.999872204146823
214,ER,GB113,-40.4003792731068,82.8685551563831,Mongolic,2.93240672769829e-05,0.999941620900516
214,ER,GB113,-40.4003792731068,82.8685551563831,Japonic,6.43062408012968e-05,0.999877177631417
214,ER,GB113,-40.4003792731068,82.8685551563831,Koreanic,7.24523747449404e-05,0.999855097227629
214,ARD,GB113,-28.0034077600018,69.5623710755591,Turkic,8.20745961481474e-06,0.857016273641357
214,ARD,GB113,-28.0034077600018,69.5623710755591,Tungusic,3.20088467219752e-05,0.857022342739625
214,ARD,GB113,-28.0034077600018,69.5623710755591,Mongolic,6.78885152769464e-06,0.857007427217812
214,ARD,GB113,-28.0034077600018,69.5623710755591,Japonic,0.000110448442611028,0.857345299742535
214,ARD,GB113,-28.0034077600018,69.5623710755591,Koreanic,7.47011953373779e-08,0.8955297413572
214,ER,GB114,-67.2888923314405,136.64558127305,Turkic,0.333333333333333,0.333333333333333
214,ER,GB114,-67.2888923314405,136.64558127305,Tungusic,0.333333333333333,0.333333333333333
214,ER,GB114,-67.2888923314405,136.64558127305,Mongolic,0.333333333333333,0.333333333333333
214,ER,GB114,-67.2888923314405,136.64558127305,Japonic,0.333333333333333,0.333333333333333
214,ER,GB114,-67.2888923314405,136.64558127305,Koreanic,0.333333333333333,0.333333333333333
214,ARD,GB114,-65.6773308355339,144.910217226623,Turkic,0.356499277967402,0.411666281390967
214,ARD,GB114,-65.6773308355339,144.910217226623,Tungusic,0.356499277967402,0.411666281390966
214,ARD,GB114,-65.6773308355339,144.910217226623,Mongolic,0.356499277967402,0.411666281390966
214,ARD,GB114,-65.6773308355339,144.910217226623,Japonic,0.356499277967402,0.411666281390966
214,ARD,GB114,-65.6773308355339,144.910217226623,Koreanic,0.356499277900007,0.411666281461653
214,ER,GB115,-61.0044391727261,124.076674955622,Turkic,0.0299111250344844,0.964723200410872
214,ER,GB115,-61.0044391727261,124.076674955622,Tungusic,0.0216316821866688,0.972961438156507
214,ER,GB115,-61.0044391727261,124.076674955622,Mongolic,0.00530991092580397,0.992826744297742
214,ER,GB115,-61.0044391727261,124.076674955622,Japonic,0.22553669324583,0.751502295824078
214,ER,GB115,-61.0044391727261,124.076674955622,Koreanic,0.242110592460008,0.745159737521139
214,ARD,GB115,-51.883403187602,117.322361930759,Turkic,0.0258658369515733,0.941637514376238
214,ARD,GB115,-51.883403187602,117.322361930759,Tungusic,0.0231852203303106,0.949979671242404
214,ARD,GB115,-51.883403187602,117.322361930759,Mongolic,0.0076997811210953,0.983137678092807
214,ARD,GB115,-51.883403187602,117.322361930759,Japonic,0.131621249333678,0.722811547584878
214,ARD,GB115,-51.883403187602,117.322361930759,Koreanic,0.132974918018317,0.706375577110924
214,ER,GB117,-60.7708029499321,123.609402510034,Turkic,0.00454371774218983,0.993780833258562
214,ER,GB117,-60.7708029499321,123.609402510034,Tungusic,0.00104760444897015,0.997917943890261
214,ER,GB117,-60.7708029499321,123.609402510034,Mongolic,0.00100009267038701,0.998235676894584
214,ER,GB117,-60.7708029499321,123.609402510034,Japonic,0.00198561074614507,0.996574094865156
214,ER,GB117,-60.7708029499321,123.609402510034,Koreanic,0.000631116932399853,0.998738773773471
214,ARD,GB117,-43.3633530941776,100.282261743911,Turkic,0.0861005744610978,0.747997427133381
214,ARD,GB117,-43.3633530941776,100.282261743911,Tungusic,0.0861005744610984,0.747997427133381
214,ARD,GB117,-43.3633530941776,100.282261743911,Mongolic,0.0861005744610978,0.747997427133381
214,ARD,GB117,-43.3633530941776,100.282261743911,Japonic,0.0861005744610982,0.747997427133381
214,ARD,GB117,-43.3633530941776,100.282261743911,Koreanic,0.0861002150669354,0.747997867073888
214,ER,GB118,-66.7635730761835,135.594942762537,Turkic,0.333333333333333,0.333333333333334
214,ER,GB118,-66.7635730761835,135.594942762537,Tungusic,0.333333333333333,0.333333333333333
214,ER,GB118,-66.7635730761835,135.594942762537,Mongolic,0.333333333333333,0.333333333333333
214,ER,GB118,-66.7635730761835,135.594942762537,Japonic,0.333333333333333,0.333333333333333
214,ER,GB118,-66.7635730761835,135.594942762537,Koreanic,0.333333333333333,0.333333333333333
214,ARD,GB118,-59.2149193990517,131.985394353659,Turkic,0.477188275389255,0.147045955716162
214,ARD,GB118,-59.2149193990517,131.985394353659,Tungusic,0.477188881562679,0.147044920349289
214,ARD,GB118,-59.2149193990517,131.985394353659,Mongolic,0.477183619973858,0.147054024482772
214,ARD,GB118,-59.2149193990517,131.985394353659,Japonic,0.477188175943116,0.147046125438128
214,ARD,GB118,-59.2149193990517,131.985394353659,Koreanic,0.424151680994726,0.237186136365011
214,ER,GB119,-54.1047864530804,110.27736951633,Turkic,0.0455624575626159,0.94855074781769
214,ER,GB119,-54.1047864530804,110.27736951633,Tungusic,0.0733993793126546,0.916632440312573
214,ER,GB119,-54.1047864530804,110.27736951633,Mongolic,0.0900675228722013,0.902786672092926
214,ER,GB119,-54.1047864530804,110.27736951633,Japonic,0.222156311950189,0.759267424292431
214,ER,GB119,-54.1047864530804,110.27736951633,Koreanic,0.988717425945979,0.00835395640672449
214,ARD,GB119,-45.8060335755636,105.167622706683,Turkic,0.188216179949348,0.782515002126933
214,ARD,GB119,-45.8060335755636,105.167622706683,Tungusic,0.254621320755183,0.703190634431627
214,ARD,GB119,-45.8060335755636,105.167622706683,Mongolic,0.259477148281268,0.698243789044846
214,ARD,GB119,-45.8060335755636,105.167622706683,Japonic,0.320807543744948,0.626507319609726
214,ARD,GB119,-45.8060335755636,105.167622706683,Koreanic,0.828819027150065,0.0247299426225103
214,ER,GB120,-56.6857064547088,115.439209519587,Turkic,0.0119555484829712,0.981793362322479
214,ER,GB120,-56.6857064547088,115.439209519587,Tungusic,0.384140002136048,0.578907375145006
214,ER,GB120,-56.6857064547088,115.439209519587,Mongolic,0.212005785457099,0.768143809187001
214,ER,GB120,-56.6857064547088,115.439209519587,Japonic,0.0259656842827943,0.960262813520759
214,ER,GB120,-56.6857064547088,115.439209519587,Koreanic,0.383228073902967,0.594740338264619
214,ARD,GB120,-44.6465297441066,102.848615043769,Turkic,0.299303599579634,0.647653143645729
214,ARD,GB120,-44.6465297441066,102.848615043769,Tungusic,0.302942987185777,0.644412468040224
214,ARD,GB120,-44.6465297441066,102.848615043769,Mongolic,0.301033646398281,0.646112965835781
214,ARD,GB120,-44.6465297441066,102.848615043769,Japonic,0.299874451131303,0.647144906855689
214,ARD,GB120,-44.6465297441066,102.848615043769,Koreanic,0.414371877367595,0.551714339711551
214,ER,GB121,-65.652741353211,133.373279316591,Turkic,0.333333333333333,0.333333333333333
214,ER,GB121,-65.652741353211,133.373279316591,Tungusic,0.333333333333333,0.333333333333333
214,ER,GB121,-65.652741353211,133.373279316591,Mongolic,0.333333333333333,0.333333333333333
214,ER,GB121,-65.652741353211,133.373279316591,Japonic,0.333333333333333,0.333333333333333
214,ER,GB121,-65.652741353211,133.373279316591,Koreanic,0.333442338412416,0.333278830793792
214,ARD,GB121,-51.4094893878218,116.374534331199,Turkic,0.492423763512635,0.457288917740805
214,ARD,GB121,-51.4094893878218,116.374534331199,Tungusic,0.492423763512635,0.457288917740805
214,ARD,GB121,-51.4094893878218,116.374534331199,Mongolic,0.492423763512635,0.457288917740805
214,ARD,GB121,-51.4094893878218,116.374534331199,Japonic,0.492423763512635,0.457288917740805
214,ARD,GB121,-51.4094893878218,116.374534331199,Koreanic,0.492767673629193,0.457043515382906
214,ER,GB122,-67.2888923314502,136.64558127307,Turkic,0.333333333333333,0.333333333333333
214,ER,GB122,-67.2888923314502,136.64558127307,Tungusic,0.333333333333333,0.333333333333333
214,ER,GB122,-67.2888923314502,136.64558127307,Mongolic,0.333333333333333,0.333333333333333
214,ER,GB122,-67.2888923314502,136.64558127307,Japonic,0.333333333333333,0.333333333333334
214,ER,GB122,-67.2888923314502,136.64558127307,Koreanic,0.333333333333333,0.333333333333333
214,ARD,GB122,-59.4218901890945,132.399335933745,Turkic,0.532239151311596,0.136351409678356
214,ARD,GB122,-59.4218901890945,132.399335933745,Tungusic,0.532239151311596,0.136351409678356
214,ARD,GB122,-59.4218901890945,132.399335933745,Mongolic,0.532239151311596,0.136351409678356
214,ARD,GB122,-59.4218901890945,132.399335933745,Japonic,0.532239151311596,0.136351409678356
214,ARD,GB122,-59.4218901890945,132.399335933745,Koreanic,0.532239151311596,0.136351409678356
214,ER,GB123,-64.8577776962514,131.783352002672,Turkic,0.0107138393176917,0.979250681868533
214,ER,GB123,-64.8577776962514,131.783352002672,Tungusic,0.432962696167265,0.463478507023327
214,ER,GB123,-64.8577776962514,131.783352002672,Mongolic,0.627365861992531,0.29387392312695
214,ER,GB123,-64.8577776962514,131.783352002672,Japonic,0.02114127012049,0.960247371227388
214,ER,GB123,-64.8577776962514,131.783352002672,Koreanic,0.0979244405054497,0.84057804682015
214,ARD,GB123,-56.7772033882591,127.109962332074,Turkic,0.102102563579861,0.377639914155228
214,ARD,GB123,-56.7772033882591,127.109962332074,Tungusic,0.102102563579861,0.377639914155228
214,ARD,GB123,-56.7772033882591,127.109962332074,Mongolic,0.102102563579861,0.377639914155229
214,ARD,GB123,-56.7772033882591,127.109962332074,Japonic,0.102102563579861,0.377639914155229
214,ARD,GB123,-56.7772033882591,127.109962332074,Koreanic,0.102102563579848,0.37763991415524
214,ER,GB126,-66.7635070817216,135.594810773613,Turkic,0.333333333333333,0.333333333333333
214,ER,GB126,-66.7635070817216,135.594810773613,Tungusic,0.333333333333333,0.333333333333333
214,ER,GB126,-66.7635070817216,135.594810773613,Mongolic,0.333333333333333,0.333333333333334
214,ER,GB126,-66.7635070817216,135.594810773613,Japonic,0.333333333333333,0.333333333333333
214,ER,GB126,-66.7635070817216,135.594810773613,Koreanic,0.333333333333333,0.333333333333333
214,ARD,GB126,-62.4927604407312,138.541076437018,Turkic,0.196905603040849,0.49081169613939
214,ARD,GB126,-62.4927604407312,138.541076437018,Tungusic,0.19690560304085,0.49081169613939
214,ARD,GB126,-62.4927604407312,138.541076437018,Mongolic,0.196905603040849,0.490811696139391
214,ARD,GB126,-62.4927604407312,138.541076437018,Japonic,0.196905603040849,0.490811696139391
214,ARD,GB126,-62.4927604407312,138.541076437018,Koreanic,0.19690560303689,0.490811696151957
214,ER,GB127,-67.25716315602,136.582122922209,Turkic,0.333333333333333,0.333333333333333
214,ER,GB127,-67.25716315602,136.582122922209,Tungusic,0.333333333333333,0.333333333333333
214,ER,GB127,-67.25716315602,136.582122922209,Mongolic,0.333333333333333,0.333333333333333
214,ER,GB127,-67.25716315602,136.582122922209,Japonic,0.333333333333333,0.333333333333334
214,ER,GB127,-67.25716315602,136.582122922209,Koreanic,0.333333333333333,0.333333333333333
214,ARD,GB127,-48.8032261564204,111.162007868396,Turkic,0.379480261486026,0.0341164507421573
214,ARD,GB127,-48.8032261564204,111.162007868396,Tungusic,0.379480261486026,0.0341164507421573
214,ARD,GB127,-48.8032261564204,111.162007868396,Mongolic,0.379480261486026,0.0341164507421573
214,ARD,GB127,-48.8032261564204,111.162007868396,Japonic,0.379480261486026,0.0341164507421574
214,ARD,GB127,-48.8032261564204,111.162007868396,Koreanic,0.379480261486026,0.0341164507421573
214,ER,GB132,-17.5643337206037,37.1964640513769,Turkic,0.999976164509747,2.38354902527496e-05
214,ER,GB132,-17.5643337206037,37.1964640513769,Tungusic,0.999975323440585,2.46765594145811e-05
214,ER,GB132,-17.5643337206037,37.1964640513769,Mongolic,0.999979878295316,2.01217046837309e-05
214,ER,GB132,-17.5643337206037,37.1964640513769,Japonic,0.999984297236864,1.57027631364864e-05
214,ER,GB132,-17.5643337206037,37.1964640513769,Koreanic,0.999967714519119,3.22854808805256e-05
214,ARD,GB132,-14.4178995172693,33.0426955862628,Turkic,0.927885097478293,0.0721149025217072
214,ARD,GB132,-14.4178995172693,33.0426955862628,Tungusic,0.927885113341038,0.0721148866589616
214,ARD,GB132,-14.4178995172693,33.0426955862628,Mongolic,0.927885102801036,0.0721148971989641
214,ARD,GB132,-14.4178995172693,33.0426955862628,Japonic,0.927885147601126,0.0721148523988739
214,ARD,GB132,-14.4178995172693,33.0426955862628,Koreanic,0.942754050080321,0.057245949919679
214,ER,GB133,-3.143141290077,8.35407919032349,Turkic,7.69839258958429e-08,0.999999923016074
214,ER,GB133,-3.143141290077,8.35407919032349,Tungusic,9.52506440624967e-08,0.999999904749356
214,ER,GB133,-3.143141290077,8.35407919032349,Mongolic,3.22516889499734e-08,0.999999967748311
214,ER,GB133,-3.143141290077,8.35407919032349,Japonic,6.82569922659962e-08,0.999999931743008
214,ER,GB133,-3.143141290077,8.35407919032349,Koreanic,1.60593491278481e-07,0.999999839406509
214,ARD,GB133,-2.2398243272768,8.68654520627773,Turkic,2.50464242124803e-24,1
214,ARD,GB133,-2.2398243272768,8.68654520627773,Tungusic,2.81588775724596e-24,1
214,ARD,GB133,-2.2398243272768,8.68654520627773,Mongolic,9.55068431388961e-25,1
214,ARD,GB133,-2.2398243272768,8.68654520627773,Japonic,1.11483067484773e-24,1
214,ARD,GB133,-2.2398243272768,8.68654520627773,Koreanic,5.45197310802557e-24,1
214,ER,GB134,-56.2318405776785,114.531477765527,Turkic,0.000413718550576267,0.999215900595554
214,ER,GB134,-56.2318405776785,114.531477765527,Tungusic,0.00105182365985249,0.998200964898541
214,ER,GB134,-56.2318405776785,114.531477765527,Mongolic,0.000311012867876038,0.99938355956613
214,ER,GB134,-56.2318405776785,114.531477765527,Japonic,0.000653548096684056,0.998708416590721
214,ER,GB134,-56.2318405776785,114.531477765527,Koreanic,0.000408444182906396,0.999183157036347
214,ARD,GB134,-42.0358827252849,97.6273210061253,Turkic,0.0547715573152299,0.729213136146063
214,ARD,GB134,-42.0358827252849,97.6273210061253,Tungusic,0.0550569728225347,0.728906710420991
214,ARD,GB134,-42.0358827252849,97.6273210061253,Mongolic,0.0540096155131756,0.730031492969715
214,ARD,GB134,-42.0358827252849,97.6273210061253,Japonic,0.0547352156904031,0.729252308857283
214,ARD,GB134,-42.0358827252849,97.6273210061253,Koreanic,0.0150245523183694,0.783249341756693
214,ER,GB135,-67.2571644580714,136.582125526312,Turkic,0.333333333333333,0.333333333333333
214,ER,GB135,-67.2571644580714,136.582125526312,Tungusic,0.333333333333333,0.333333333333333
214,ER,GB135,-67.2571644580714,136.582125526312,Mongolic,0.333333333333333,0.333333333333333
214,ER,GB135,-67.2571644580714,136.582125526312,Japonic,0.333333333333333,0.333333333333333
214,ER,GB135,-67.2571644580714,136.582125526312,Koreanic,0.333333333333333,0.333333333333333
214,ARD,GB135,-57.1024450476337,127.760445650823,Turkic,0.0984272480622922,0.534613282019992
214,ARD,GB135,-57.1024450476337,127.760445650823,Tungusic,0.0984272480622923,0.534613282019992
214,ARD,GB135,-57.1024450476337,127.760445650823,Mongolic,0.0984272480622921,0.534613282019992
214,ARD,GB135,-57.1024450476337,127.760445650823,Japonic,0.0984272480622923,0.534613282019992
214,ARD,GB135,-57.1024450476337,127.760445650823,Koreanic,0.0984272480622922,0.534613282019992
214,ER,GB136,-66.8572674474006,135.782331504971,Turkic,0.333333333333333,0.333333333333333
214,ER,GB136,-66.8572674474006,135.782331504971,Tungusic,0.333333333333333,0.333333333333333
214,ER,GB136,-66.8572674474006,135.782331504971,Mongolic,0.333333333333333,0.333333333333333
214,ER,GB136,-66.8572674474006,135.782331504971,Japonic,0.333333333333333,0.333333333333333
214,ER,GB136,-66.8572674474006,135.782331504971,Koreanic,0.333333333547193,0.333333333547194
214,ARD,GB136,-65.1557798140806,143.867115183717,Turkic,0.3592205005455,0.317578305464977
214,ARD,GB136,-65.1557798140806,143.867115183717,Tungusic,0.359220500545502,0.317578305464976
214,ARD,GB136,-65.1557798140806,143.867115183717,Mongolic,0.359220500545502,0.317578305464976
214,ARD,GB136,-65.1557798140806,143.867115183717,Japonic,0.359220500545499,0.317578305464977
214,ARD,GB136,-65.1557798140806,143.867115183717,Koreanic,0.360337341635705,0.317075601078683
214,ER,GB137,-51.0331048632392,104.134006336648,Turkic,0.000221458487041813,0.999587385011411
214,ER,GB137,-51.0331048632392,104.134006336648,Tungusic,0.102428714836487,0.894577490068548
214,ER,GB137,-51.0331048632392,104.134006336648,Mongolic,0.827463401073508,0.170015707134326
214,ER,GB137,-51.0331048632392,104.134006336648,Japonic,0.000753649221707834,0.998832569868448
214,ER,GB137,-51.0331048632392,104.134006336648,Koreanic,0.957134281869691,0.0316481711645499
214,ARD,GB137,-42.7088077377106,98.9731710309768,Turkic,0.0161177430194638,0.981961773016994
214,ARD,GB137,-42.7088077377106,98.9731710309768,Tungusic,0.538638056692976,0.374563542035077
214,ARD,GB137,-42.7088077377106,98.9731710309768,Mongolic,0.810005282452776,0.0506850537236888
214,ARD,GB137,-42.7088077377106,98.9731710309768,Japonic,0.0321998503355629,0.963528594478933
214,ARD,GB137,-42.7088077377106,98.9731710309768,Koreanic,0.804354702557406,0.0627753923136054
214,ER,GB138,-36.5250339120625,75.1178644342945,Turkic,0.999983885443052,8.05728200767694e-06
214,ER,GB138,-36.5250339120625,75.1178644342945,Tungusic,0.999957157135328,3.09195567439083e-05
214,ER,GB138,-36.5250339120625,75.1178644342945,Mongolic,0.999985541478141,9.40412110038523e-06
214,ER,GB138,-36.5250339120625,75.1178644342945,Japonic,0.999987639301374,6.18043279581479e-06
214,ER,GB138,-36.5250339120625,75.1178644342945,Koreanic,0.99783501796184,0.00108262146386692
214,ARD,GB138,-23.4607535578809,60.4770626713173,Turkic,0.899751385258594,0.0334694181816254
214,ARD,GB138,-23.4607535578809,60.4770626713173,Tungusic,0.879947089588981,0.0543876469684082
214,ARD,GB138,-23.4607535578809,60.4770626713173,Mongolic,0.880615400166246,0.0536532234643759
214,ARD,GB138,-23.4607535578809,60.4770626713173,Japonic,0.896825634347085,0.0365010865956554
214,ARD,GB138,-23.4607535578809,60.4770626713173,Koreanic,0.9141292456236,0.0183415671893594
214,ER,GB139,-66.3889172618564,134.845631133882,Turkic,0.333333333333333,0.333333333333333
214,ER,GB139,-66.3889172618564,134.845631133882,Tungusic,0.333333333333333,0.333333333333333
214,ER,GB139,-66.3889172618564,134.845631133882,Mongolic,0.333333333333332,0.333333333333335
214,ER,GB139,-66.3889172618564,134.845631133882,Japonic,0.333333333333333,0.333333333333333
214,ER,GB139,-66.3889172618564,134.845631133882,Koreanic,0.332040335172831,0.335919329654339
214,ARD,GB139,-56.3703530659082,126.296261687372,Turkic,0.269162420534417,0.583506682182024
214,ARD,GB139,-56.3703530659082,126.296261687372,Tungusic,0.269162420534365,0.583506682182098
214,ARD,GB139,-56.3703530659082,126.296261687372,Mongolic,0.269162420530233,0.583506682187971
214,ARD,GB139,-56.3703530659082,126.296261687372,Japonic,0.26916242053435,0.583506682182119
214,ARD,GB139,-56.3703530659082,126.296261687372,Koreanic,0.264968835604715,0.589452227819799
214,ER,GB140,-66.8186597403949,135.705116090959,Turkic,0.333333333333333,0.333333333333333
214,ER,GB140,-66.8186597403949,135.705116090959,Tungusic,0.333333333333333,0.333333333333333
214,ER,GB140,-66.8186597403949,135.705116090959,Mongolic,0.333333333333333,0.333333333333333
214,ER,GB140,-66.8186597403949,135.705116090959,Japonic,0.333333333333333,0.333333333333333
214,ER,GB140,-66.8186597403949,135.705116090959,Koreanic,0.333333326443832,0.333333347112337
214,ARD,GB140,-49.2678062033683,112.091167962292,Turkic,0.699431758915128,0.119458621718928
214,ARD,GB140,-49.2678062033683,112.091167962292,Tungusic,0.699431758915128,0.119458621718928
214,ARD,GB140,-49.2678062033683,112.091167962292,Mongolic,0.699431758915128,0.119458621718928
214,ARD,GB140,-49.2678062033683,112.091167962292,Japonic,0.699431758915128,0.119458621718928
214,ARD,GB140,-49.2678062033683,112.091167962292,Koreanic,0.699431758168258,0.119458622233446
214,ER,GB146,-66.7634922949539,135.594781200077,Turkic,0.333333333333333,0.333333333333333
214,ER,GB146,-66.7634922949539,135.594781200077,Tungusic,0.333333333333333,0.333333333333333
214,ER,GB146,-66.7634922949539,135.594781200077,Mongolic,0.333333333333333,0.333333333333333
214,ER,GB146,-66.7634922949539,135.594781200077,Japonic,0.333333333333333,0.333333333333333
214,ER,GB146,-66.7634922949539,135.594781200077,Koreanic,0.333333333333333,0.333333333333333
214,ARD,GB146,-56.8855620452196,127.326679645995,Turkic,0.249843011418586,0.149905798323353
214,ARD,GB146,-56.8855620452196,127.326679645995,Tungusic,0.249843011418586,0.149905798323353
214,ARD,GB146,-56.8855620452196,127.326679645995,Mongolic,0.249843011418586,0.149905798323353
214,ARD,GB146,-56.8855620452196,127.326679645995,Japonic,0.249843011418586,0.149905798323353
214,ARD,GB146,-56.8855620452196,127.326679645995,Koreanic,0.249843011415875,0.149905798326063
214,ER,GB147,-29.8702788138666,61.8083542379028,Turkic,0.000759505390984543,0.999160478324382
214,ER,GB147,-29.8702788138666,61.8083542379028,Tungusic,3.72469100121434e-05,0.999949667107317
214,ER,GB147,-29.8702788138666,61.8083542379028,Mongolic,6.67191920561915e-05,0.999926288879323
214,ER,GB147,-29.8702788138666,61.8083542379028,Japonic,2.22745654725173e-05,0.999969201991955
214,ER,GB147,-29.8702788138666,61.8083542379028,Koreanic,1.56104953968228e-05,0.999968834271493
214,ARD,GB147,-26.8133615825978,67.1822787207511,Turkic,5.57686470595604e-12,0.999999999987855
214,ARD,GB147,-26.8133615825978,67.1822787207511,Tungusic,1.40495297897199e-21,1
214,ARD,GB147,-26.8133615825978,67.1822787207511,Mongolic,1.01165840406576e-22,1
214,ARD,GB147,-26.8133615825978,67.1822787207511,Japonic,8.63636050977951e-23,1
214,ARD,GB147,-26.8133615825978,67.1822787207511,Koreanic,5.97641029200902e-21,1
214,ER,GB150,-51.8792189412182,105.826234492606,Turkic,0.000105131298050736,0.999793882548477
214,ER,GB150,-51.8792189412182,105.826234492606,Tungusic,0.000154256427805802,0.99969436531399
214,ER,GB150,-51.8792189412182,105.826234492606,Mongolic,0.000130937097330627,0.999792053185113
214,ER,GB150,-51.8792189412182,105.826234492606,Japonic,0.000150081114447968,0.999707854366671
214,ER,GB150,-51.8792189412182,105.826234492606,Koreanic,0.000142832920740014,0.999714472486274
214,ARD,GB150,-37.9776633658509,89.5108822872573,Turkic,0.0775169556554279,0.790354698518586
214,ARD,GB150,-37.9776633658509,89.5108822872573,Tungusic,0.0773560045146129,0.790500928792591
214,ARD,GB150,-37.9776633658509,89.5108822872573,Mongolic,0.0788496922177197,0.789169314678492
214,ARD,GB150,-37.9776633658509,89.5108822872573,Japonic,0.0775645146560369,0.79031210487766
214,ARD,GB150,-37.9776633658509,89.5108822872573,Koreanic,0.0319475334619422,0.831033404350079
214,ER,GB151,-9.87030740186539,21.8084114139003,Turkic,0.999999796924125,1.0153794160962e-07
214,ER,GB151,-9.87030740186539,21.8084114139003,Tungusic,0.999985047008073,1.45061679607948e-05
214,ER,GB151,-9.87030740186539,21.8084114139003,Mongolic,0.999999914343916,4.2871337913882e-08
214,ER,GB151,-9.87030740186539,21.8084114139003,Japonic,0.999999896175841,5.19122656368628e-08
214,ER,GB151,-9.87030740186539,21.8084114139003,Koreanic,0.999999574982145,2.1250916539772e-07
214,ARD,GB151,-5.61934046138334,24.7942364783222,Turkic,1,4.06758727745335e-29
214,ARD,GB151,-5.61934046138334,24.7942364783222,Tungusic,1,2.11285140394071e-20
214,ARD,GB151,-5.61934046138334,24.7942364783222,Mongolic,1,1.00589744252577e-29
214,ARD,GB151,-5.61934046138334,24.7942364783222,Japonic,1,1.0965373990375e-29
214,ARD,GB151,-5.61934046138334,24.7942364783222,Koreanic,1,9.89332340826727e-29
214,ER,GB152,-66.8665213908434,135.800839391856,Turkic,0.333333333333333,0.333333333333333
214,ER,GB152,-66.8665213908434,135.800839391856,Tungusic,0.333333333333333,0.333333333333333
214,ER,GB152,-66.8665213908434,135.800839391856,Mongolic,0.333333333333333,0.333333333333333
214,ER,GB152,-66.8665213908434,135.800839391856,Japonic,0.333333333333333,0.333333333333333
214,ER,GB152,-66.8665213908434,135.800839391856,Koreanic,0.333333333258313,0.333333333483374
214,ARD,GB152,-46.2261020159331,106.007759587422,Turkic,0.152788307986987,0.73268498041055
214,ARD,GB152,-46.2261020159331,106.007759587422,Tungusic,0.152788307986987,0.732684980410551
214,ARD,GB152,-46.2261020159331,106.007759587422,Mongolic,0.152788307986987,0.73268498041055
214,ARD,GB152,-46.2261020159331,106.007759587422,Japonic,0.152788307986987,0.73268498041055
214,ARD,GB152,-46.2261020159331,106.007759587422,Koreanic,0.152788307986042,0.732684980411974
214,ER,GB155,-27.3405620678614,56.7489207458922,Turkic,4.29550524257875e-06,0.999991448208413
214,ER,GB155,-27.3405620678614,56.7489207458922,Tungusic,5.52158878652944e-06,0.999989217628881
214,ER,GB155,-27.3405620678614,56.7489207458922,Mongolic,2.20377040865681e-06,0.999995618359684
214,ER,GB155,-27.3405620678614,56.7489207458922,Japonic,4.38084501540595e-06,0.999992287698893
214,ER,GB155,-27.3405620678614,56.7489207458922,Koreanic,8.06344025717007e-06,0.999983873283486
214,ARD,GB155,-17.2905296533562,48.136614862268,Turkic,7.75296436061599e-06,0.931862134337758
214,ARD,GB155,-17.2905296533562,48.136614862268,Tungusic,3.16711903636695e-05,0.931834209249087
214,ARD,GB155,-17.2905296533562,48.136614862268,Mongolic,6.74101581416868e-06,0.931865140164371
214,ARD,GB155,-17.2905296533562,48.136614862268,Japonic,0.000104222981588712,0.931754614462998
214,ARD,GB155,-17.2905296533562,48.136614862268,Koreanic,6.05366406858037e-08,0.931872609945389
214,ER,GB156,-18.1577319994612,38.383260609092,Turkic,0.999998724970656,6.37514697898827e-07
214,ER,GB156,-18.1577319994612,38.383260609092,Tungusic,0.999998502843501,7.50718021461819e-07
214,ER,GB156,-18.1577319994612,38.383260609092,Mongolic,0.999997599337305,2.04038552207338e-06
214,ER,GB156,-18.1577319994612,38.383260609092,Japonic,0.999999272415552,3.63793156600711e-07
214,ER,GB156,-18.1577319994612,38.383260609092,Koreanic,0.966163141314052,0.0336320376963206
214,ARD,GB156,-13.6271571180274,40.8098697916104,Turkic,0.947098193862882,0.0181208671852133
214,ARD,GB156,-13.6271571180274,40.8098697916104,Tungusic,0.947098205358915,0.0181208604768686
214,ARD,GB156,-13.6271571180274,40.8098697916104,Mongolic,0.947097961451094,0.0181210580071304
214,ARD,GB156,-13.6271571180274,40.8098697916104,Japonic,0.947098152227056,0.0181208941238774
214,ARD,GB156,-13.6271571180274,40.8098697916104,Koreanic,0.799558657298052,0.116461471908039
214,ER,GB158,-67.0864878156185,136.240772241406,Turkic,0.333333333333333,0.333333333333333
214,ER,GB158,-67.0864878156185,136.240772241406,Tungusic,0.333333333333333,0.333333333333333
214,ER,GB158,-67.0864878156185,136.240772241406,Mongolic,0.333333333333333,0.333333333333333
214,ER,GB158,-67.0864878156185,136.240772241406,Japonic,0.333333333333333,0.333333333333333
214,ER,GB158,-67.0864878156185,136.240772241406,Koreanic,0.333333333333333,0.333333333333333
214,ARD,GB158,-51.8373912847238,117.230338125003,Turkic,0.607790838705916,0.0667202318854769
214,ARD,GB158,-51.8373912847238,117.230338125003,Tungusic,0.607790838705917,0.0667202318854768
214,ARD,GB158,-51.8373912847238,117.230338125003,Mongolic,0.607790838705916,0.066720231885477
214,ARD,GB158,-51.8373912847238,117.230338125003,Japonic,0.607790838705917,0.0667202318854769
214,ARD,GB158,-51.8373912847238,117.230338125003,Koreanic,0.607790838721891,0.0667202318751376
214,ER,GB159,-67.0864878156088,136.240772241387,Turkic,0.333333333333333,0.333333333333333
214,ER,GB159,-67.0864878156088,136.240772241387,Tungusic,0.333333333333333,0.333333333333333
214,ER,GB159,-67.0864878156088,136.240772241387,Mongolic,0.333333333333333,0.333333333333333
214,ER,GB159,-67.0864878156088,136.240772241387,Japonic,0.333333333333333,0.333333333333333
214,ER,GB159,-67.0864878156088,136.240772241387,Koreanic,0.333333333333333,0.333333333333333
214,ARD,GB159,-55.3652760039335,124.286107563423,Turkic,0.577804209007915,0.0995250290622915
214,ARD,GB159,-55.3652760039335,124.286107563423,Tungusic,0.577804209007914,0.0995250290622916
214,ARD,GB159,-55.3652760039335,124.286107563423,Mongolic,0.577804209007915,0.0995250290622917
214,ARD,GB159,-55.3652760039335,124.286107563423,Japonic,0.577804209007915,0.0995250290622916
214,ARD,GB159,-55.3652760039335,124.286107563423,Koreanic,0.577804208999361,0.099525029063164
214,ER,GB160,-67.2888924326634,136.645581475496,Turkic,0.333333333333333,0.333333333333333
214,ER,GB160,-67.2888924326634,136.645581475496,Tungusic,0.333333333333333,0.333333333333333
214,ER,GB160,-67.2888924326634,136.645581475496,Mongolic,0.333333333333333,0.333333333333333
214,ER,GB160,-67.2888924326634,136.645581475496,Japonic,0.333333333333333,0.333333333333333
214,ER,GB160,-67.2888924326634,136.645581475496,Koreanic,0.333333333333333,0.333333333333333
214,ARD,GB160,-62.3502703486424,138.25609625284,Turkic,0.164422049385435,0.483239090040387
214,ARD,GB160,-62.3502703486424,138.25609625284,Tungusic,0.164422049385435,0.483239090040387
214,ARD,GB160,-62.3502703486424,138.25609625284,Mongolic,0.164422049385435,0.483239090040387
214,ARD,GB160,-62.3502703486424,138.25609625284,Japonic,0.164422049385435,0.483239090040387
214,ARD,GB160,-62.3502703486424,138.25609625284,Koreanic,0.164422049385435,0.483239090040387
214,ER,GB166,-5.36825341088199,12.8043034319335,Turkic,1,2.73025775008736e-29
214,ER,GB166,-5.36825341088199,12.8043034319335,Tungusic,1,3.06970810732459e-29
214,ER,GB166,-5.36825341088199,12.8043034319335,Mongolic,1,1.04114936970294e-29
214,ER,GB166,-5.36825341088199,12.8043034319335,Japonic,1,1.21525408104206e-29
214,ER,GB166,-5.36825341088199,12.8043034319335,Koreanic,1,5.9431757667976e-29
214,ARD,GB166,-5.36825341098687,14.9434033736979,Turkic,1,4.97545684944693e-29
214,ARD,GB166,-5.36825341098687,14.9434033736979,Tungusic,1,5.59405068629174e-29
214,ARD,GB166,-5.36825341098687,14.9434033736979,Mongolic,1,1.89732774380275e-29
214,ARD,GB166,-5.36825341098687,14.9434033736979,Japonic,1,2.21460565795388e-29
214,ARD,GB166,-5.36825341098687,14.9434033736979,Koreanic,1,1.08304846133929e-28
214,ER,GB167,-28.8394065958937,59.7466098019568,Turkic,0.999991444247586,4.27792023329215e-06
214,ER,GB167,-28.8394065958937,59.7466098019568,Tungusic,0.999989593781691,5.20310947192733e-06
214,ER,GB167,-28.8394065958937,59.7466098019568,Mongolic,0.999995627152086,2.18690004331482e-06
214,ER,GB167,-28.8394065958937,59.7466098019568,Japonic,0.999993966398694,3.02231115269455e-06
214,ER,GB167,-28.8394065958937,59.7466098019568,Koreanic,0.99998374157889,8.12921085568374e-06
214,ARD,GB167,-20.8653584776485,55.2862725108525,Turkic,0.912977414835522,0.036597518569483
214,ARD,GB167,-20.8653584776485,55.2862725108525,Tungusic,0.912972593199972,0.0366025524187548
214,ARD,GB167,-20.8653584776485,55.2862725108525,Mongolic,0.912876036809917,0.0367107112777865
214,ARD,GB167,-20.8653584776485,55.2862725108525,Japonic,0.912918045618999,0.0366633773315902
214,ARD,GB167,-20.8653584776485,55.2862725108525,Koreanic,0.934916655961432,0.0138742159046306
214,ER,GB184,-58.8095123257254,119.68682126162,Turkic,0.999589491143156,0.000205293147724996
214,ER,GB184,-58.8095123257254,119.68682126162,Tungusic,0.997100531997661,0.00234972935041121
214,ER,GB184,-58.8095123257254,119.68682126162,Mongolic,0.99872394247885,0.0010168621586305
214,ER,GB184,-58.8095123257254,119.68682126162,Japonic,0.999355234018839,0.000322797360500024
214,ER,GB184,-58.8095123257254,119.68682126162,Koreanic,0.999469094397296,0.000266760139220338
214,ARD,GB184,-38.4384573866051,90.4324703287657,Turkic,0.799402927334872,0.0830580577556857
214,ARD,GB184,-38.4384573866051,90.4324703287657,Tungusic,0.799402927334872,0.0830580577556857
214,ARD,GB184,-38.4384573866051,90.4324703287657,Mongolic,0.799402927334872,0.0830580577556857
214,ARD,GB184,-38.4384573866051,90.4324703287657,Japonic,0.799402927334872,0.0830580577556858
214,ARD,GB184,-38.4384573866051,90.4324703287657,Koreanic,0.799402927334904,0.0830580577556734
214,ER,GB185,-66.7635757161983,135.594948042566,Turkic,0.333333333333333,0.333333333333333
214,ER,GB185,-66.7635757161983,135.594948042566,Tungusic,0.333333333333333,0.333333333333333
214,ER,GB185,-66.7635757161983,135.594948042566,Mongolic,0.333333333333333,0.333333333333333
214,ER,GB185,-66.7635757161983,135.594948042566,Japonic,0.333333333333333,0.333333333333333
214,ER,GB185,-66.7635757161983,135.594948042566,Koreanic,0.333333333333333,0.333333333333333
214,ARD,GB185,-62.2900610661027,138.135677687761,Turkic,0.488618754593592,0.184155644721563
214,ARD,GB185,-62.2900610661027,138.135677687761,Tungusic,0.488618754593592,0.184155644721563
214,ARD,GB185,-62.2900610661027,138.135677687761,Mongolic,0.488618754593592,0.184155644721563
214,ARD,GB185,-62.2900610661027,138.135677687761,Japonic,0.488618754593592,0.184155644721564
214,ARD,GB185,-62.2900610661027,138.135677687761,Koreanic,0.488618755608337,0.18415564396051
214,ER,GB187,-64.6856288588611,131.439054327892,Turkic,0.0102552003182025,0.984791410561509
214,ER,GB187,-64.6856288588611,131.439054327892,Tungusic,0.00358888193343924,0.992934320342449
214,ER,GB187,-64.6856288588611,131.439054327892,Mongolic,0.00453144705431785,0.992293695298991
214,ER,GB187,-64.6856288588611,131.439054327892,Japonic,0.00755563488602771,0.986497692855721
214,ER,GB187,-64.6856288588611,131.439054327892,Koreanic,0.0227072896060045,0.954683018115513
214,ARD,GB187,-47.1475093030296,107.850574161615,Turkic,0.0791022332629045,0.683021443350317
214,ARD,GB187,-47.1475093030296,107.850574161615,Tungusic,0.0785520890227413,0.683425348951081
214,ARD,GB187,-47.1475093030296,107.850574161615,Mongolic,0.0809765168437131,0.681645072929846
214,ARD,GB187,-47.1475093030296,107.850574161615,Japonic,0.0789877096077762,0.683105481604728
214,ARD,GB187,-47.1475093030296,107.850574161615,Koreanic,0.0493679133303445,0.704854835079979
214,ER,GB188,-66.4186538098283,134.905104229826,Turkic,0.333333333333333,0.333333333333334
214,ER,GB188,-66.4186538098283,134.905104229826,Tungusic,0.333333333333333,0.333333333333333
214,ER,GB188,-66.4186538098283,134.905104229826,Mongolic,0.333333333333334,0.333333333333333
214,ER,GB188,-66.4186538098283,134.905104229826,Japonic,0.333333333333333,0.333333333333333
214,ER,GB188,-66.4186538098283,134.905104229826,Koreanic,0.333333333878438,0.333333333060781
214,ARD,GB188,-48.9598799607338,111.475315477023,Turkic,0.670939533590714,0.0815833803405036
214,ARD,GB188,-48.9598799607338,111.475315477023,Tungusic,0.670939533590713,0.0815833803405037
214,ARD,GB188,-48.9598799607338,111.475315477023,Mongolic,0.670939533590712,0.0815833803405037
214,ARD,GB188,-48.9598799607338,111.475315477023,Japonic,0.670939533590713,0.0815833803405037
214,ARD,GB188,-48.9598799607338,111.475315477023,Koreanic,0.670945945363638,0.0815826834238454
214,ER,GB196,-29.1194521943668,60.306700998903,Turkic,0.99999606269553,2.00824120971387e-06
214,ER,GB196,-29.1194521943668,60.306700998903,Tungusic,0.999995416006335,2.29201559876453e-06
214,ER,GB196,-29.1194521943668,60.306700998903,Mongolic,0.999998143751944,9.28125505593192e-07
214,ER,GB196,-29.1194521943668,60.306700998903,Japonic,0.999979213494653,1.83429317099102e-05
214,ER,GB196,-29.1194521943668,60.306700998903,Koreanic,0.999992460182261,3.76990887872465e-06
214,ARD,GB196,-17.0837974241099,47.7231504037753,Turkic,0.931746094620829,0.0183672243888988
214,ARD,GB196,-17.0837974241099,47.7231504037753,Tungusic,0.931746204700654,0.0183671141948529
214,ARD,GB196,-17.0837974241099,47.7231504037753,Mongolic,0.9317473166786,0.0183660106193732
214,ARD,GB196,-17.0837974241099,47.7231504037753,Japonic,0.931745565694887,0.0183677427326099
214,ARD,GB196,-17.0837974241099,47.7231504037753,Koreanic,0.937258185857259,0.0129665239399301
214,ER,GB197,-29.1194520620721,60.3067007343137,Turkic,0.999996059098187,2.01008762835138e-06
214,ER,GB197,-29.1194520620721,60.3067007343137,Tungusic,0.99999541176837,2.29413461442444e-06
214,ER,GB197,-29.1194520620721,60.3067007343137,Mongolic,0.99999814196227,9.29020345398258e-07
214,ER,GB197,-29.1194520620721,60.3067007343137,Japonic,0.999979198120988,1.83559005731521e-05
214,ER,GB197,-29.1194520620721,60.3067007343137,Koreanic,0.99999245359159,3.7732042140279e-06
214,ARD,GB197,-17.0838066460535,47.7231688476626,Turkic,0.931785068474926,0.0183534716322017
214,ARD,GB197,-17.0838066460535,47.7231688476626,Tungusic,0.931785167063627,0.0183533731140453
214,ARD,GB197,-17.0838066460535,47.7231688476626,Mongolic,0.931786149010184,0.0183523993115725
214,ARD,GB197,-17.0838066460535,47.7231688476626,Japonic,0.931784612683413,0.0183539180077647
214,ARD,GB197,-17.0838066460535,47.7231688476626,Koreanic,0.937196359262532,0.0130552905239378
214,ER,GB204,-67.2571630548164,136.582122719802,Turkic,0.333333333333333,0.333333333333333
214,ER,GB204,-67.2571630548164,136.582122719802,Tungusic,0.333333333333333,0.333333333333333
214,ER,GB204,-67.2571630548164,136.582122719802,Mongolic,0.333333333333333,0.333333333333333
214,ER,GB204,-67.2571630548164,136.582122719802,Japonic,0.333333333333333,0.333333333333334
214,ER,GB204,-67.2571630548164,136.582122719802,Koreanic,0.333333333333333,0.333333333333333
214,ARD,GB204,-55.9787656050583,125.513086765672,Turkic,0.0847742866940645,0.397147083239525
214,ARD,GB204,-55.9787656050583,125.513086765672,Tungusic,0.0847742866940643,0.397147083239525
214,ARD,GB204,-55.9787656050583,125.513086765672,Mongolic,0.0847742866940643,0.397147083239525
214,ARD,GB204,-55.9787656050583,125.513086765672,Japonic,0.0847742866940644,0.397147083239524
214,ARD,GB204,-55.9787656050583,125.513086765672,Koreanic,0.0847742866940569,0.397147083239522
214,ER,GB250,-67.0864878156185,136.240772241406,Turkic,0.333333333333333,0.333333333333333
214,ER,GB250,-67.0864878156185,136.240772241406,Tungusic,0.333333333333333,0.333333333333333
214,ER,GB250,-67.0864878156185,136.240772241406,Mongolic,0.333333333333333,0.333333333333333
214,ER,GB250,-67.0864878156185,136.240772241406,Japonic,0.333333333333333,0.333333333333334
214,ER,GB250,-67.0864878156185,136.240772241406,Koreanic,0.333333333333333,0.333333333333333
214,ARD,GB250,-51.5115801421662,116.578715839888,Turkic,0.615638412002085,0.0647919667409725
214,ARD,GB250,-51.5115801421662,116.578715839888,Tungusic,0.615638412002085,0.0647919667409725
214,ARD,GB250,-51.5115801421662,116.578715839888,Mongolic,0.615638412002085,0.0647919667409723
214,ARD,GB250,-51.5115801421662,116.578715839888,Japonic,0.615638412002085,0.0647919667409724
214,ARD,GB250,-51.5115801421662,116.578715839888,Koreanic,0.615638412002068,0.0647919667409362
214,ER,GB252,-67.2888923314502,136.64558127307,Turkic,0.333333333333333,0.333333333333333
214,ER,GB252,-67.2888923314502,136.64558127307,Tungusic,0.333333333333333,0.333333333333333
214,ER,GB252,-67.2888923314502,136.64558127307,Mongolic,0.333333333333333,0.333333333333333
214,ER,GB252,-67.2888923314502,136.64558127307,Japonic,0.333333333333333,0.333333333333334
214,ER,GB252,-67.2888923314502,136.64558127307,Koreanic,0.333333333333333,0.333333333333333
214,ARD,GB252,-61.5098453583569,136.575246272269,Turkic,0.147543061436768,0.483412550162587
214,ARD,GB252,-61.5098453583569,136.575246272269,Tungusic,0.147543061436768,0.483412550162587
214,ARD,GB252,-61.5098453583569,136.575246272269,Mongolic,0.147543061436768,0.483412550162587
214,ARD,GB252,-61.5098453583569,136.575246272269,Japonic,0.147543061436768,0.483412550162587
214,ARD,GB252,-61.5098453583569,136.575246272269,Koreanic,0.147543061436768,0.483412550162587
214,ER,GB253,-67.0864878156185,136.240772241406,Turkic,0.333333333333333,0.333333333333333
214,ER,GB253,-67.0864878156185,136.240772241406,Tungusic,0.333333333333333,0.333333333333333
214,ER,GB253,-67.0864878156185,136.240772241406,Mongolic,0.333333333333333,0.333333333333333
214,ER,GB253,-67.0864878156185,136.240772241406,Japonic,0.333333333333333,0.333333333333334
214,ER,GB253,-67.0864878156185,136.240772241406,Koreanic,0.333333333333333,0.333333333333333
214,ARD,GB253,-66.5836136777007,146.722782910957,Turkic,0.335242115046542,0.30551583947677
214,ARD,GB253,-66.5836136777007,146.722782910957,Tungusic,0.335242115046542,0.30551583947677
214,ARD,GB253,-66.5836136777007,146.722782910957,Mongolic,0.335242115046542,0.30551583947677
214,ARD,GB253,-66.5836136777007,146.722782910957,Japonic,0.335242115046542,0.30551583947677
214,ARD,GB253,-66.5836136777007,146.722782910957,Koreanic,0.335242115049667,0.3055158394737
214,ER,GB254,-67.0864878156185,136.240772241406,Turkic,0.333333333333333,0.333333333333333
214,ER,GB254,-67.0864878156185,136.240772241406,Tungusic,0.333333333333333,0.333333333333333
214,ER,GB254,-67.0864878156185,136.240772241406,Mongolic,0.333333333333333,0.333333333333333
214,ER,GB254,-67.0864878156185,136.240772241406,Japonic,0.333333333333333,0.333333333333334
214,ER,GB254,-67.0864878156185,136.240772241406,Koreanic,0.333333333333333,0.333333333333333
214,ARD,GB254,-65.4421831112907,144.439921778137,Turkic,0.347890396403625,0.36229127020677
214,ARD,GB254,-65.4421831112907,144.439921778137,Tungusic,0.348126124152709,0.362156431256949
214,ARD,GB254,-65.4421831112907,144.439921778137,Mongolic,0.34853995329759,0.361919720639551
214,ARD,GB254,-65.4421831112907,144.439921778137,Japonic,0.348011198279955,0.362222170226548
214,ARD,GB254,-65.4421831112907,144.439921778137,Koreanic,0.180790686539891,0.458469784001114
214,ER,GB256,-67.288892319128,136.645581248425,Turkic,0.333333333333333,0.333333333333333
214,ER,GB256,-67.288892319128,136.645581248425,Tungusic,0.333333333333333,0.333333333333333
214,ER,GB256,-67.288892319128,136.645581248425,Mongolic,0.333333333333333,0.333333333333333
214,ER,GB256,-67.288892319128,136.645581248425,Japonic,0.333333333333333,0.333333333333334
214,ER,GB256,-67.288892319128,136.645581248425,Koreanic,0.333333333333333,0.333333333333333
214,ARD,GB256,-62.9809165710605,139.517388697677,Turkic,0.418358127911771,0.164040283840947
214,ARD,GB256,-62.9809165710605,139.517388697677,Tungusic,0.41835812791177,0.164040283840947
214,ARD,GB256,-62.9809165710605,139.517388697677,Mongolic,0.418358127911771,0.164040283840947
214,ARD,GB256,-62.9809165710605,139.517388697677,Japonic,0.41835812791177,0.164040283840947
214,ARD,GB256,-62.9809165710605,139.517388697677,Koreanic,0.41835812791177,0.164040283840947
214,ER,GB257,-67.2888909035411,136.645578417252,Turkic,0.333333333333333,0.333333333333333
214,ER,GB257,-67.2888909035411,136.645578417252,Tungusic,0.333333333333333,0.333333333333333
214,ER,GB257,-67.2888909035411,136.645578417252,Mongolic,0.333333333333333,0.333333333333333
214,ER,GB257,-67.2888909035411,136.645578417252,Japonic,0.333333333333333,0.333333333333334
214,ER,GB257,-67.2888909035411,136.645578417252,Koreanic,0.333333333333333,0.333333333333333
214,ARD,GB257,-53.404748539606,120.365052634768,Turkic,0.665082753206338,0.164379287899899
214,ARD,GB257,-53.404748539606,120.365052634768,Tungusic,0.665082753206338,0.164379287899899
214,ARD,GB257,-53.404748539606,120.365052634768,Mongolic,0.665082753206338,0.164379287899899
214,ARD,GB257,-53.404748539606,120.365052634768,Japonic,0.665082753206338,0.164379287899899
214,ARD,GB257,-53.404748539606,120.365052634768,Koreanic,0.665082753206338,0.164379287899899
214,ER,GB263,-50.7912242638306,103.650245137831,Turkic,0.000186249441194335,0.999638912968226
214,ER,GB263,-50.7912242638306,103.650245137831,Tungusic,0.000800735633161521,0.998845055947637
214,ER,GB263,-50.7912242638306,103.650245137831,Mongolic,0.00152073157439582,0.998221044862924
214,ER,GB263,-50.7912242638306,103.650245137831,Japonic,0.000280066878695717,0.999450452498832
214,ER,GB263,-50.7912242638306,103.650245137831,Koreanic,0.166456113307699,0.827988498950365
214,ARD,GB263,-38.7704110984265,91.0963777524086,Turkic,0.115455859291444,0.798701367033796
214,ARD,GB263,-38.7704110984265,91.0963777524086,Tungusic,0.115455859291444,0.798701367033796
214,ARD,GB263,-38.7704110984265,91.0963777524086,Mongolic,0.115455859291444,0.798701367033796
214,ARD,GB263,-38.7704110984265,91.0963777524086,Japonic,0.115455859291444,0.798701367033796
214,ARD,GB263,-38.7704110984265,91.0963777524086,Koreanic,0.115455184355868,0.798704942001919
214,ER,GB264,-47.4848061733501,97.0374089568697,Turkic,0.999907311038858,4.95867495994851e-05
214,ER,GB264,-47.4848061733501,97.0374089568697,Tungusic,0.999880734500942,6.26523721324398e-05
214,ER,GB264,-47.4848061733501,97.0374089568697,Mongolic,0.999943490125783,2.82637762198593e-05
214,ER,GB264,-47.4848061733501,97.0374089568697,Japonic,0.999668316419396,0.000251376309339179
214,ER,GB264,-47.4848061733501,97.0374089568697,Koreanic,0.999866204854006,6.68976347919795e-05
214,ARD,GB264,-31.7067246134885,76.9690047825325,Turkic,0.849642299980444,0.0524512109433142
214,ARD,GB264,-31.7067246134885,76.9690047825325,Tungusic,0.849642299980444,0.0524512109433143
214,ARD,GB264,-31.7067246134885,76.9690047825325,Mongolic,0.849642299980444,0.0524512109433143
214,ARD,GB264,-31.7067246134885,76.9690047825325,Japonic,0.849642299980444,0.0524512109433142
214,ARD,GB264,-31.7067246134885,76.9690047825325,Koreanic,0.849642299980457,0.0524512109433099
214,ER,GB265,-46.1594700480495,94.3867367062685,Turkic,0.999879592245474,6.48787429673607e-05
214,ER,GB265,-46.1594700480495,94.3867367062685,Tungusic,0.999857506490507,7.12620899786415e-05
214,ER,GB265,-46.1594700480495,94.3867367062685,Mongolic,0.99992861643961,3.56949059085409e-05
214,ER,GB265,-46.1594700480495,94.3867367062685,Japonic,0.999397681824275,0.000449719162900094
214,ER,GB265,-46.1594700480495,94.3867367062685,Koreanic,0.999835246431432,8.23768067970298e-05
214,ARD,GB265,-34.3474404313932,82.250436418342,Turkic,0.797702348512942,0.0184436330991741
214,ARD,GB265,-34.3474404313932,82.250436418342,Tungusic,0.797702471976525,0.0184434790868535
214,ARD,GB265,-34.3474404313932,82.250436418342,Mongolic,0.797703332703301,0.0184424053895257
214,ARD,GB265,-34.3474404313932,82.250436418342,Japonic,0.797701798911905,0.018444318688229
214,ARD,GB265,-34.3474404313932,82.250436418342,Koreanic,0.802160711967595,0.0128751459062758
214,ER,GB266,-54.9001589095607,111.868114429291,Turkic,0.0336324693162273,0.961177203042217
214,ER,GB266,-54.9001589095607,111.868114429291,Tungusic,0.0276574707731749,0.967501387054943
214,ER,GB266,-54.9001589095607,111.868114429291,Mongolic,0.0148688443984821,0.98236561990671
214,ER,GB266,-54.9001589095607,111.868114429291,Japonic,0.311931237887046,0.664696900694364
214,ER,GB266,-54.9001589095607,111.868114429291,Koreanic,0.989652256019997,0.00795601968585956
214,ARD,GB266,-48.2416981022794,110.038951760114,Turkic,0.0192740689406548,0.90474272131044
214,ARD,GB266,-48.2416981022794,110.038951760114,Tungusic,0.0319807055974502,0.900072012883703
214,ARD,GB266,-48.2416981022794,110.038951760114,Mongolic,0.0163476493545502,0.933975716291721
214,ARD,GB266,-48.2416981022794,110.038951760114,Japonic,0.15160611452335,0.561444251770891
214,ARD,GB266,-48.2416981022794,110.038951760114,Koreanic,0.789807173546417,0.00196567858859164
214,ER,GB273,-51.6701795519181,105.408155714006,Turkic,0.890094551963089,0.102766092109975
214,ER,GB273,-51.6701795519181,105.408155714006,Tungusic,0.882243955608608,0.10990947364127
214,ER,GB273,-51.6701795519181,105.408155714006,Mongolic,0.956713193850738,0.0395812604238507
214,ER,GB273,-51.6701795519181,105.408155714006,Japonic,0.477921660939152,0.501415799987668
214,ER,GB273,-51.6701795519181,105.408155714006,Koreanic,0.00749819544214754,0.990274254684377
214,ARD,GB273,-46.797297559751,107.150150675058,Turkic,0.681466886586805,0.0940560840823162
214,ARD,GB273,-46.797297559751,107.150150675058,Tungusic,0.85808843904939,0.0776974582182838
214,ARD,GB273,-46.797297559751,107.150150675058,Mongolic,0.887431726645649,0.0318403195484325
214,ARD,GB273,-46.797297559751,107.150150675058,Japonic,0.55946507203744,0.415408742449392
214,ARD,GB273,-46.797297559751,107.150150675058,Koreanic,0.0123112606271114,0.987643652794442
214,ER,GB275,-67.288892319128,136.645581248425,Turkic,0.333333333333333,0.333333333333333
214,ER,GB275,-67.288892319128,136.645581248425,Tungusic,0.333333333333333,0.333333333333333
214,ER,GB275,-67.288892319128,136.645581248425,Mongolic,0.333333333333333,0.333333333333333
214,ER,GB275,-67.288892319128,136.645581248425,Japonic,0.333333333333333,0.333333333333334
214,ER,GB275,-67.288892319128,136.645581248425,Koreanic,0.333333333333333,0.333333333333333
214,ARD,GB275,-61.6819526568415,136.919460869239,Turkic,0.543010633098906,0.213821936691919
214,ARD,GB275,-61.6819526568415,136.919460869239,Tungusic,0.543010633098906,0.213821936691919
214,ARD,GB275,-61.6819526568415,136.919460869239,Mongolic,0.543010633098906,0.213821936691919
214,ARD,GB275,-61.6819526568415,136.919460869239,Japonic,0.543010633098906,0.213821936691919
214,ARD,GB275,-61.6819526568415,136.919460869239,Koreanic,0.543010633098906,0.213821936691919
214,ER,GB276,-63.6444046020687,129.356605814307,Turkic,0.998198361095098,0.000958198939123123
214,ER,GB276,-63.6444046020687,129.356605814307,Tungusic,0.99766572834626,0.00120234619603428
214,ER,GB276,-63.6444046020687,129.356605814307,Mongolic,0.99723526887227,0.00181218445470119
214,ER,GB276,-63.6444046020687,129.356605814307,Japonic,0.995032800296174,0.00250072281213091
214,ER,GB276,-63.6444046020687,129.356605814307,Koreanic,0.766025238412629,0.223229939782062
214,ARD,GB276,-47.2190210086881,107.993597572932,Turkic,0.693635770451251,0.0736612098308547
214,ARD,GB276,-47.2190210086881,107.993597572932,Tungusic,0.70231672658801,0.0620076150039056
214,ARD,GB276,-47.2190210086881,107.993597572932,Mongolic,0.699785068314101,0.0654153417822403
214,ARD,GB276,-47.2190210086881,107.993597572932,Japonic,0.697470309282303,0.0685178937067416
214,ARD,GB276,-47.2190210086881,107.993597572932,Koreanic,0.480694294621173,0.361343634903208
214,ER,GB285,-37.5264859756869,77.1207685615433,Turkic,0.999973165467255,1.34173287527946e-05
214,ER,GB285,-37.5264859756869,77.1207685615433,Tungusic,0.999759473033404,0.000203897970260943
214,ER,GB285,-37.5264859756869,77.1207685615433,Mongolic,0.999983652751677,8.24234094089587e-06
214,ER,GB285,-37.5264859756869,77.1207685615433,Japonic,0.999977567413047,1.12176120447068e-05
214,ER,GB285,-37.5264859756869,77.1207685615433,Koreanic,0.999952344774811,2.3828058161288e-05
214,ARD,GB285,-24.9730000636055,63.5015556827665,Turkic,0.891992150089143,0.00703303703551747
214,ARD,GB285,-24.9730000636055,63.5015556827665,Tungusic,0.855190262564958,0.0471062423667956
214,ARD,GB285,-24.9730000636055,63.5015556827665,Mongolic,0.884123447707171,0.0156835057829985
214,ARD,GB285,-24.9730000636055,63.5015556827665,Japonic,0.889665340133423,0.00957579504187118
214,ARD,GB285,-24.9730000636055,63.5015556827665,Koreanic,0.89711884763842,0.00150207861757541
214,ER,GB286,-48.478852632287,99.0255018747436,Turkic,0.999872865163089,6.35780737671027e-05
214,ER,GB286,-48.478852632287,99.0255018747436,Tungusic,0.999758919154831,0.000144513143305076
214,ER,GB286,-48.478852632287,99.0255018747436,Mongolic,0.999814445197721,0.000132997057652492
214,ER,GB286,-48.478852632287,99.0255018747436,Japonic,0.999848815029168,7.58935392581245e-05
214,ER,GB286,-48.478852632287,99.0255018747436,Koreanic,0.999805240467577,9.74657283037773e-05
214,ARD,GB286,-34.4725199258296,82.5005954072148,Turkic,0.833094165081959,0.08432894284297
214,ARD,GB286,-34.4725199258296,82.5005954072148,Tungusic,0.833094165081959,0.0843289428429699
214,ARD,GB286,-34.4725199258296,82.5005954072148,Mongolic,0.833094165081959,0.0843289428429697
214,ARD,GB286,-34.4725199258296,82.5005954072148,Japonic,0.833094165081959,0.0843289428429699
214,ARD,GB286,-34.4725199258296,82.5005954072148,Koreanic,0.833094165081974,0.084328942842962
214,ER,GB296,-66.4157634654626,134.899323541095,Turkic,0.333333333333333,0.333333333333333
214,ER,GB296,-66.4157634654626,134.899323541095,Tungusic,0.333333333333333,0.333333333333333
214,ER,GB296,-66.4157634654626,134.899323541095,Mongolic,0.333333333333333,0.333333333333333
214,ER,GB296,-66.4157634654626,134.899323541095,Japonic,0.333333333333333,0.333333333333333
214,ER,GB296,-66.4157634654626,134.899323541095,Koreanic,0.333333333872407,0.333333333872406
214,ARD,GB296,-63.9759284025365,141.507412360629,Turkic,0.455985405781178,0.239458832355913
214,ARD,GB296,-63.9759284025365,141.507412360629,Tungusic,0.455985405781178,0.239458832355913
214,ARD,GB296,-63.9759284025365,141.507412360629,Mongolic,0.455985405781179,0.239458832355913
214,ARD,GB296,-63.9759284025365,141.507412360629,Japonic,0.455985405781178,0.239458832355913
214,ARD,GB296,-63.9759284025365,141.507412360629,Koreanic,0.455987461920376,0.239466341503405
214,ER,GB297,-22.6262031977382,47.320203005646,Turkic,0.999992086642427,3.95668318910431e-06
214,ER,GB297,-22.6262031977382,47.320203005646,Tungusic,0.999904509353098,8.48454973923796e-05
214,ER,GB297,-22.6262031977382,47.320203005646,Mongolic,0.999995706594867,2.15582392332355e-06
214,ER,GB297,-22.6262031977382,47.320203005646,Japonic,0.999994555878303,2.72217995754082e-06
214,ER,GB297,-22.6262031977382,47.320203005646,Koreanic,0.999984939156284,7.53047689935643e-06
214,ARD,GB297,-19.0928214769755,51.7411985095066,Turkic,0.921757375786819,0.00756775575904735
214,ARD,GB297,-19.0928214769755,51.7411985095066,Tungusic,0.873480520535321,0.0413192113642007
214,ARD,GB297,-19.0928214769755,51.7411985095066,Mongolic,0.911545162761834,0.0141936997841083
214,ARD,GB297,-19.0928214769755,51.7411985095066,Japonic,0.918003794326767,0.0101236893134272
214,ARD,GB297,-19.0928214769755,51.7411985095066,Koreanic,0.954801940908901,0.000521727435221118
214,ER,GB298,-35.4140089563896,72.8958145229487,Turkic,0.999969317408669,1.56503174905734e-05
214,ER,GB298,-35.4140089563896,72.8958145229487,Tungusic,0.353712180933102,0.644972430179481
214,ER,GB298,-35.4140089563896,72.8958145229487,Mongolic,0.999268432176747,0.000693057597677027
214,ER,GB298,-35.4140089563896,72.8958145229487,Japonic,0.999955912302635,2.87793799705591e-05
214,ER,GB298,-35.4140089563896,72.8958145229487,Koreanic,0.996527405581795,0.00184995300944621
214,ARD,GB298,-29.7429516270407,73.0414588096369,Turkic,0.95527938919653,0.00109460187393155
214,ARD,GB298,-29.7429516270407,73.0414588096369,Tungusic,0.189885843779181,0.802134332702199
214,ARD,GB298,-29.7429516270407,73.0414588096369,Mongolic,0.922497357215172,0.0358960043667274
214,ARD,GB298,-29.7429516270407,73.0414588096369,Japonic,0.952145431596881,0.00441525035456493
214,ARD,GB298,-29.7429516270407,73.0414588096369,Koreanic,0.942455161692629,0.0146523354905879
214,ER,GB299,-58.7401665892749,119.548129788719,Turkic,0.999629159126456,0.000214067135517284
214,ER,GB299,-58.7401665892749,119.548129788719,Tungusic,0.971857598122272,0.0262150657504266
214,ER,GB299,-58.7401665892749,119.548129788719,Mongolic,0.0244777481196919,0.974167734603709
214,ER,GB299,-58.7401665892749,119.548129788719,Japonic,0.999234365035463,0.000480953723315346
214,ER,GB299,-58.7401665892749,119.548129788719,Koreanic,0.000413868616339558,0.999347082573824
214,ARD,GB299,-45.5812128169176,104.717981189391,Turkic,0.873353853747589,0.0130400905332165
214,ARD,GB299,-45.5812128169176,104.717981189391,Tungusic,0.666712761500409,0.247523720278368
214,ARD,GB299,-45.5812128169176,104.717981189391,Mongolic,0.0195511367230622,0.977976946670469
214,ARD,GB299,-45.5812128169176,104.717981189391,Japonic,0.869483952860588,0.0174288220314974
214,ARD,GB299,-45.5812128169176,104.717981189391,Koreanic,0.00103326221060874,0.998842383260534
214,ER,GB301,-56.1344338587107,114.336664327591,Turkic,0.346583541512821,0.623841440558178
214,ER,GB301,-56.1344338587107,114.336664327591,Tungusic,0.823502319249918,0.155331884232096
214,ER,GB301,-56.1344338587107,114.336664327591,Mongolic,0.920762235424322,0.0605518941967027
214,ER,GB301,-56.1344338587107,114.336664327591,Japonic,0.597279647769373,0.3614312156694
214,ER,GB301,-56.1344338587107,114.336664327591,Koreanic,0.960935431286672,0.021695243555173
214,ARD,GB301,-47.0103652373659,107.576286030287,Turkic,0.158946011113803,0.159454364846554
214,ARD,GB301,-47.0103652373659,107.576286030287,Tungusic,0.162603659246069,0.140211289013363
214,ARD,GB301,-47.0103652373659,107.576286030287,Mongolic,0.16503504469568,0.12739813670991
214,ARD,GB301,-47.0103652373659,107.576286030287,Japonic,0.162638880869859,0.139895310901037
214,ARD,GB301,-47.0103652373659,107.576286030287,Koreanic,0.177118960853428,0.0638143318962221
214,ER,GB302,-13.3678689676279,28.8035345454252,Turkic,0.999999791513392,1.04243303902822e-07
214,ER,GB302,-13.3678689676279,28.8035345454252,Tungusic,0.999999760562508,1.19718745889252e-07
214,ER,GB302,-13.3678689676279,28.8035345454252,Mongolic,0.999999912083665,4.39588779306208e-08
214,ER,GB302,-13.3678689676279,28.8035345454252,Japonic,0.999999893284595,5.33577026648904e-08
214,ER,GB302,-13.3678689676279,28.8035345454252,Koreanic,0.999999563808661,2.18095669380922e-07
214,ARD,GB302,-10.0147619769813,33.5850795095181,Turkic,0.966453460059189,0.0167685495626755
214,ARD,GB302,-10.0147619769813,33.5850795095181,Tungusic,0.966453460059306,0.0167685495626207
214,ARD,GB302,-10.0147619769813,33.5850795095181,Mongolic,0.966453460057705,0.0167685495633665
214,ARD,GB302,-10.0147619769813,33.5850795095181,Japonic,0.966453460059145,0.0167685495626956
214,ARD,GB302,-10.0147619769813,33.5850795095181,Koreanic,0.967546824952459,0.0162587009317372
214,ER,GB304,-66.8773496315574,135.822495873284,Turkic,0.333333333333333,0.333333333333333
214,ER,GB304,-66.8773496315574,135.822495873284,Tungusic,0.333333333333333,0.333333333333333
214,ER,GB304,-66.8773496315574,135.822495873284,Mongolic,0.333333333333333,0.333333333333333
214,ER,GB304,-66.8773496315574,135.822495873284,Japonic,0.333333333333333,0.333333333333333
214,ER,GB304,-66.8773496315574,135.822495873284,Koreanic,0.333333333323782,0.333333333352436
214,ARD,GB304,-52.9433587408681,119.442273037292,Turkic,0.0347874215386115,0.626907361561793
214,ARD,GB304,-52.9433587408681,119.442273037292,Tungusic,0.125876335756192,0.567595280911555
214,ARD,GB304,-52.9433587408681,119.442273037292,Mongolic,0.235817190353253,0.497576536499618
214,ARD,GB304,-52.9433587408681,119.442273037292,Japonic,0.0269045802874383,0.631481598764275
214,ARD,GB304,-52.9433587408681,119.442273037292,Koreanic,0.0368743300238406,0.625228668494941
214,ER,GB305,-39.9430571740245,81.9539109582185,Turkic,2.81717666886868e-05,0.999945751940921
214,ER,GB305,-39.9430571740245,81.9539109582185,Tungusic,3.51466762883761e-05,0.999930724877461
214,ER,GB305,-39.9430571740245,81.9539109582185,Mongolic,1.54942794190879e-05,0.999969175538242
214,ER,GB305,-39.9430571740245,81.9539109582185,Japonic,3.52852516701225e-05,0.999933881934091
214,ER,GB305,-39.9430571740245,81.9539109582185,Koreanic,4.30524373698275e-05,0.999913896286631
214,ARD,GB305,-35.5839012922483,84.7233581400522,Turkic,2.93074087210845e-05,0.876365960599515
214,ARD,GB305,-35.5839012922483,84.7233581400522,Tungusic,4.08089717497063e-05,0.87427264936068
214,ARD,GB305,-35.5839012922483,84.7233581400522,Mongolic,1.46845769655393e-05,0.8819074511159
214,ARD,GB305,-35.5839012922483,84.7233581400522,Japonic,7.74011266556855e-05,0.865485175838366
214,ARD,GB305,-35.5839012922483,84.7233581400522,Koreanic,1.59364272273643e-05,0.971546892666734
214,ER,GB306,-61.748904858747,125.565606327663,Turkic,0.943320165002348,0.03372829486347
214,ER,GB306,-61.748904858747,125.565606327663,Tungusic,0.868515185162456,0.0862038155318973
214,ER,GB306,-61.748904858747,125.565606327663,Mongolic,0.902520782987445,0.0650693408509157
214,ER,GB306,-61.748904858747,125.565606327663,Japonic,0.826153160481342,0.111386974849499
214,ER,GB306,-61.748904858747,125.565606327663,Koreanic,0.125893012350472,0.80700057497782
214,ARD,GB306,-55.1138597391225,123.783275033801,Turkic,0.672561154475265,0.0423204996872285
214,ARD,GB306,-55.1138597391225,123.783275033801,Tungusic,0.598081836489129,0.0572752726008474
214,ARD,GB306,-55.1138597391225,123.783275033801,Mongolic,0.639146560380696,0.0485171532651029
214,ARD,GB306,-55.1138597391225,123.783275033801,Japonic,0.593362396208844,0.0576455865981228
214,ARD,GB306,-55.1138597391225,123.783275033801,Koreanic,0.140189700907213,0.315684339236964
214,ER,GB309,-54.8405435514609,111.748883713091,Turkic,0.10596482882917,0.88527487813048
214,ER,GB309,-54.8405435514609,111.748883713091,Tungusic,0.860306850677367,0.129280577090005
214,ER,GB309,-54.8405435514609,111.748883713091,Mongolic,0.97814510493301,0.0193592779322525
214,ER,GB309,-54.8405435514609,111.748883713091,Japonic,0.77505562911995,0.208663559646497
214,ER,GB309,-54.8405435514609,111.748883713091,Koreanic,0.741891017168427,0.2461137791174
214,ARD,GB309,-45.0119580191003,103.579471593756,Turkic,0.111568820074724,0.869519377892795
214,ARD,GB309,-45.0119580191003,103.579471593756,Tungusic,0.577399192192732,0.354640284254129
214,ARD,GB309,-45.0119580191003,103.579471593756,Mongolic,0.765432709162973,0.143977959769019
214,ARD,GB309,-45.0119580191003,103.579471593756,Japonic,0.458896369091105,0.472938638050474
214,ARD,GB309,-45.0119580191003,103.579471593756,Koreanic,0.526410315527022,0.394179449310427
214,ER,GB312,-10.7816379522912,23.6310725147518,Turkic,1.34364685432288e-06,0.999998656353146
214,ER,GB312,-10.7816379522912,23.6310725147518,Tungusic,1.72229722882044e-06,0.999998277702771
214,ER,GB312,-10.7816379522912,23.6310725147518,Mongolic,6.42021784239983e-07,0.999999357978216
214,ER,GB312,-10.7816379522912,23.6310725147518,Japonic,1.31150111903007e-06,0.999998688498881
214,ER,GB312,-10.7816379522912,23.6310725147518,Koreanic,2.6495299880282e-06,0.999997350470012
214,ARD,GB312,-10.4571757675823,25.1212480868888,Turkic,7.39630372582631e-22,1
214,ARD,GB312,-10.4571757675823,25.1212480868888,Tungusic,8.18552826776535e-22,1
214,ARD,GB312,-10.4571757675823,25.1212480868888,Mongolic,2.78214976452605e-22,1
214,ARD,GB312,-10.4571757675823,25.1212480868888,Japonic,3.29157755852458e-22,1
214,ARD,GB312,-10.4571757675823,25.1212480868888,Koreanic,1.6025810790593e-21,1
214,ER,GB313,-56.014203196598,114.096203003366,Turkic,0.999151476639005,0.000582093917049433
214,ER,GB313,-56.014203196598,114.096203003366,Tungusic,0.999406335114504,0.000296875553714005
214,ER,GB313,-56.014203196598,114.096203003366,Mongolic,0.999705862240504,0.00014774158602955
214,ER,GB313,-56.014203196598,114.096203003366,Japonic,0.999089336312244,0.000539852292564685
214,ER,GB313,-56.014203196598,114.096203003366,Koreanic,0.999485568139199,0.000257218080621044
214,ARD,GB313,-38.7883864501845,91.1323284559246,Turkic,0.790999946324431,0.128698570296764
214,ARD,GB313,-38.7883864501845,91.1323284559246,Tungusic,0.79099994632443,0.128698570296765
214,ARD,GB313,-38.7883864501845,91.1323284559246,Mongolic,0.79099994632443,0.128698570296765
214,ARD,GB313,-38.7883864501845,91.1323284559246,Japonic,0.790999946324431,0.128698570296764
214,ARD,GB313,-38.7883864501845,91.1323284559246,Koreanic,0.791183870946195,0.128570240558552
214,ER,GB316,-4.28977873330917,10.6473540767878,Turkic,1,2.73025775008736e-29
214,ER,GB316,-4.28977873330917,10.6473540767878,Tungusic,1,3.06970810732459e-29
214,ER,GB316,-4.28977873330917,10.6473540767878,Mongolic,1,1.04114936970294e-29
214,ER,GB316,-4.28977873330917,10.6473540767878,Japonic,1,1.21525408104206e-29
214,ER,GB316,-4.28977873330917,10.6473540767878,Koreanic,1,5.9431757667976e-29
214,ARD,GB316,-4.28977873366869,12.7864540190615,Turkic,1,4.97545684944693e-29
214,ARD,GB316,-4.28977873366869,12.7864540190615,Tungusic,1,5.59405068629174e-29
214,ARD,GB316,-4.28977873366869,12.7864540190615,Mongolic,1,1.89732774380275e-29
214,ARD,GB316,-4.28977873366869,12.7864540190615,Japonic,1,2.21460565795388e-29
214,ARD,GB316,-4.28977873366869,12.7864540190615,Koreanic,1,1.08304846133929e-28
214,ER,GB318,-4.28977874907261,10.6473541083147,Turkic,1,6.71657118431752e-29
214,ER,GB318,-4.28977874907261,10.6473541083147,Tungusic,1,7.55163611576643e-29
214,ER,GB318,-4.28977874907261,10.6473541083147,Mongolic,1,2.56127974474491e-29
214,ER,GB318,-4.28977874907261,10.6473541083147,Japonic,1,2.98958608162084e-29
214,ER,GB318,-4.28977874907261,10.6473541083147,Koreanic,1,1.46205108523769e-28
214,ARD,GB318,-4.28977873366869,12.7864540190615,Turkic,1,4.97545684944693e-29
214,ARD,GB318,-4.28977873366869,12.7864540190615,Tungusic,1,5.59405068629174e-29
214,ARD,GB318,-4.28977873366869,12.7864540190615,Mongolic,1,1.89732774380275e-29
214,ARD,GB318,-4.28977873366869,12.7864540190615,Japonic,1,2.21460565795388e-29
214,ARD,GB318,-4.28977873366869,12.7864540190615,Koreanic,1,1.08304846133929e-28
214,ER,GB322,-55.9127359025793,113.893268415328,Turkic,0.991714974256769,0.0063908057975508
214,ER,GB322,-55.9127359025793,113.893268415328,Tungusic,0.994139121587162,0.00420075144160568
214,ER,GB322,-55.9127359025793,113.893268415328,Mongolic,0.986298577896703,0.0117697942187115
214,ER,GB322,-55.9127359025793,113.893268415328,Japonic,0.995405568943867,0.00284181108516074
214,ER,GB322,-55.9127359025793,113.893268415328,Koreanic,0.135428497312689,0.825858568168436
214,ARD,GB322,-41.4091388162082,96.373833187972,Turkic,0.727701482110971,0.186653558477639
214,ARD,GB322,-41.4091388162082,96.373833187972,Tungusic,0.727750769352669,0.186672011811858
214,ARD,GB322,-41.4091388162082,96.373833187972,Mongolic,0.718001752888471,0.197210475816174
214,ARD,GB322,-41.4091388162082,96.373833187972,Japonic,0.7276444834229,0.186716239179465
214,ARD,GB322,-41.4091388162082,96.373833187972,Koreanic,0.38627237647872,0.553054575905975
214,ER,GB323,-65.907673028956,133.883142668081,Turkic,0.333333333333333,0.333333333333333
214,ER,GB323,-65.907673028956,133.883142668081,Tungusic,0.333333333333333,0.333333333333333
214,ER,GB323,-65.907673028956,133.883142668081,Mongolic,0.333333333333333,0.333333333333333
214,ER,GB323,-65.907673028956,133.883142668081,Japonic,0.333333333333333,0.333333333333333
214,ER,GB323,-65.907673028956,133.883142668081,Koreanic,0.333333333711744,0.333333333144128
214,ARD,GB323,-50.8372168658239,115.229989287203,Turkic,0.661377688399478,0.236986098562289
214,ARD,GB323,-50.8372168658239,115.229989287203,Tungusic,0.661377688399478,0.236986098562289
214,ARD,GB323,-50.8372168658239,115.229989287203,Mongolic,0.661377688399478,0.236986098562289
214,ARD,GB323,-50.8372168658239,115.229989287203,Japonic,0.661377688399479,0.236986098562289
214,ARD,GB323,-50.8372168658239,115.229989287203,Koreanic,0.66137768933555,0.236986101981087
214,ER,GB324,-67.2571644580811,136.582125526332,Turkic,0.333333333333333,0.333333333333333
214,ER,GB324,-67.2571644580811,136.582125526332,Tungusic,0.333333333333333,0.333333333333333
214,ER,GB324,-67.2571644580811,136.582125526332,Mongolic,0.333333333333333,0.333333333333333
214,ER,GB324,-67.2571644580811,136.582125526332,Japonic,0.333333333333333,0.333333333333333
214,ER,GB324,-67.2571644580811,136.582125526332,Koreanic,0.333333333333333,0.333333333333333
214,ARD,GB324,-63.5536392338485,140.662834023253,Turkic,0.388243288178728,0.352241592089436
214,ARD,GB324,-63.5536392338485,140.662834023253,Tungusic,0.38824337484448,0.352241664322928
214,ARD,GB324,-63.5536392338485,140.662834023253,Mongolic,0.388244128941431,0.352242293576074
214,ARD,GB324,-63.5536392338485,140.662834023253,Japonic,0.388243136331559,0.352241467483811
214,ARD,GB324,-63.5536392338485,140.662834023253,Koreanic,0.403166491235538,0.364588347014321
214,ER,GB325,-67.0864864000316,136.240769410233,Turkic,0.333333333333333,0.333333333333333
214,ER,GB325,-67.0864864000316,136.240769410233,Tungusic,0.333333333333333,0.333333333333333
214,ER,GB325,-67.0864864000316,136.240769410233,Mongolic,0.333333333333333,0.333333333333333
214,ER,GB325,-67.0864864000316,136.240769410233,Japonic,0.333333333333333,0.333333333333334
214,ER,GB325,-67.0864864000316,136.240769410233,Koreanic,0.333333333333333,0.333333333333333
214,ARD,GB325,-62.9275329862906,139.410621528137,Turkic,0.488988196309556,0.200615323065813
214,ARD,GB325,-62.9275329862906,139.410621528137,Tungusic,0.488988196309556,0.200615323065813
214,ARD,GB325,-62.9275329862906,139.410621528137,Mongolic,0.488988196309556,0.200615323065813
214,ARD,GB325,-62.9275329862906,139.410621528137,Japonic,0.488988196309556,0.200615323065812
214,ARD,GB325,-62.9275329862906,139.410621528137,Koreanic,0.488988195845829,0.200615323435954
214,ER,GB326,-67.2571645716165,136.582125753403,Turkic,0.333333333333333,0.333333333333333
214,ER,GB326,-67.2571645716165,136.582125753403,Tungusic,0.333333333333333,0.333333333333333
214,ER,GB326,-67.2571645716165,136.582125753403,Mongolic,0.333333333333333,0.333333333333333
214,ER,GB326,-67.2571645716165,136.582125753403,Japonic,0.333333333333333,0.333333333333333
214,ER,GB326,-67.2571645716165,136.582125753403,Koreanic,0.333333333333333,0.333333333333333
214,ARD,GB326,-54.5827818402993,122.721119236154,Turkic,0.0833352526193716,0.575233579751025
214,ARD,GB326,-54.5827818402993,122.721119236154,Tungusic,0.0833352526193715,0.575233579751025
214,ARD,GB326,-54.5827818402993,122.721119236154,Mongolic,0.0833352526193716,0.575233579751025
214,ARD,GB326,-54.5827818402993,122.721119236154,Japonic,0.0833352526193716,0.575233579751025
214,ARD,GB326,-54.5827818402993,122.721119236154,Koreanic,0.0833352525930993,0.575233580127619
214,ER,GB327,-57.958846224,117.98548905817,Turkic,0.943463648899902,0.0515065168964818
214,ER,GB327,-57.958846224,117.98548905817,Tungusic,0.960970715799827,0.0302588329839314
214,ER,GB327,-57.958846224,117.98548905817,Mongolic,0.995301739961655,0.00278424478654112
214,ER,GB327,-57.958846224,117.98548905817,Japonic,0.97847910878937,0.0165636027235939
214,ER,GB327,-57.958846224,117.98548905817,Koreanic,0.997623421002979,0.00119202291181017
214,ARD,GB327,-46.9802338843111,107.516023324178,Turkic,0.704460231726443,0.157209319310555
214,ARD,GB327,-46.9802338843111,107.516023324178,Tungusic,0.704937887746897,0.156956730370835
214,ARD,GB327,-46.9802338843111,107.516023324178,Mongolic,0.70944405474598,0.153744859912515
214,ARD,GB327,-46.9802338843111,107.516023324178,Japonic,0.704920642190307,0.156839793682715
214,ARD,GB327,-46.9802338843111,107.516023324178,Koreanic,0.893895621971201,0.0354961346971043
214,ER,GB328,-38.1468718010555,78.3615402122804,Turkic,3.93770141667708e-05,0.999921552850269
214,ER,GB328,-38.1468718010555,78.3615402122804,Tungusic,6.23460570461581e-05,0.999876816624758
214,ER,GB328,-38.1468718010555,78.3615402122804,Mongolic,2.6912709157411e-05,0.999946435526321
214,ER,GB328,-38.1468718010555,78.3615402122804,Japonic,5.14766346356961e-05,0.999902131088338
214,ER,GB328,-38.1468718010555,78.3615402122804,Koreanic,6.32210223646504e-05,0.999873559769178
214,ARD,GB328,-31.856224165474,77.2680038865036,Turkic,3.90956320711872e-05,0.883817434323259
214,ARD,GB328,-31.856224165474,77.2680038865036,Tungusic,8.72633427880615e-05,0.879105597692856
214,ARD,GB328,-31.856224165474,77.2680038865036,Mongolic,3.36796460855379e-05,0.88772895708797
214,ARD,GB328,-31.856224165474,77.2680038865036,Japonic,0.000127742615473133,0.876148472515834
214,ARD,GB328,-31.856224165474,77.2680038865036,Koreanic,5.12973690456057e-05,0.975155843308497
214,ER,GB329,-66.3812854686337,134.830367547437,Turkic,0.333333333333333,0.333333333333333
214,ER,GB329,-66.3812854686337,134.830367547437,Tungusic,0.333333333333333,0.333333333333333
214,ER,GB329,-66.3812854686337,134.830367547437,Mongolic,0.333333333333333,0.333333333333333
214,ER,GB329,-66.3812854686337,134.830367547437,Japonic,0.333333333333333,0.333333333333333
214,ER,GB329,-66.3812854686337,134.830367547437,Koreanic,0.333342963812115,0.333328518093942
214,ARD,GB329,-52.0487336358538,117.653022827263,Turkic,0.60461943302213,0.0833480331521866
214,ARD,GB329,-52.0487336358538,117.653022827263,Tungusic,0.60461943302219,0.083348033152188
214,ARD,GB329,-52.0487336358538,117.653022827263,Mongolic,0.604619433023819,0.083348033152229
214,ARD,GB329,-52.0487336358538,117.653022827263,Japonic,0.60461943302208,0.0833480331521857
214,ARD,GB329,-52.0487336358538,117.653022827263,Koreanic,0.612234730672561,0.0834931580120615
214,ER,GB330,-60.7432248160492,123.554246242268,Turkic,0.99785149550301,0.00111602102854098
214,ER,GB330,-60.7432248160492,123.554246242268,Tungusic,0.996326820221067,0.00183660337507271
214,ER,GB330,-60.7432248160492,123.554246242268,Mongolic,0.998193280563492,0.000903364087432166
214,ER,GB330,-60.7432248160492,123.554246242268,Japonic,0.995726983385587,0.00214598807891511
214,ER,GB330,-60.7432248160492,123.554246242268,Koreanic,0.998311096179183,0.00084445194714127
214,ARD,GB330,-38.3142762483246,90.1841080522047,Turkic,0.728430620591916,0.0169947355002909
214,ARD,GB330,-38.3142762483246,90.1841080522047,Tungusic,0.728430620591916,0.016994735500291
214,ARD,GB330,-38.3142762483246,90.1841080522047,Mongolic,0.728430620591916,0.0169947355002909
214,ARD,GB330,-38.3142762483246,90.1841080522047,Japonic,0.728430620591916,0.016994735500291
214,ARD,GB330,-38.3142762483246,90.1841080522047,Koreanic,0.728430804540642,0.0169947105947257
214,ER,GB333,-40.1246473788047,82.3170913677789,Turkic,2.87454435317524e-05,0.999942817665466
214,ER,GB333,-40.1246473788047,82.3170913677789,Tungusic,3.87492565648469e-05,0.999923583776323
214,ER,GB333,-40.1246473788047,82.3170913677789,Mongolic,1.71695013263441e-05,0.999965839545032
214,ER,GB333,-40.1246473788047,82.3170913677789,Japonic,5.2195977539371e-05,0.999901805903919
214,ER,GB333,-40.1246473788047,82.3170913677789,Koreanic,4.68746312338055e-05,0.999906252009179
214,ARD,GB333,-31.0663808126638,75.6883171808831,Turkic,1.06619913240371e-07,0.985171199888663
214,ARD,GB333,-31.0663808126638,75.6883171808831,Tungusic,4.0844301630533e-07,0.984991826413432
214,ARD,GB333,-31.0663808126638,75.6883171808831,Mongolic,2.74145755563277e-08,0.990737763704579
214,ARD,GB333,-31.0663808126638,75.6883171808831,Japonic,4.43138521269344e-06,0.966025322851502
214,ARD,GB333,-31.0663808126638,75.6883171808831,Koreanic,9.46777811724972e-12,0.99784630132403
214,ER,GB400,-66.4157635035571,134.899323617284,Turkic,0.333333333333333,0.333333333333333
214,ER,GB400,-66.4157635035571,134.899323617284,Tungusic,0.333333333333333,0.333333333333333
214,ER,GB400,-66.4157635035571,134.899323617284,Mongolic,0.333333333333333,0.333333333333334
214,ER,GB400,-66.4157635035571,134.899323617284,Japonic,0.333333333333333,0.333333333333333
214,ER,GB400,-66.4157635035571,134.899323617284,Koreanic,0.333333335460583,0.333333332269709
214,ARD,GB400,-35.8563231565713,85.2682018686982,Turkic,0.79483544383951,0.107305678895894
214,ARD,GB400,-35.8563231565713,85.2682018686982,Tungusic,0.798960215899152,0.102792941950376
214,ARD,GB400,-35.8563231565713,85.2682018686982,Mongolic,0.799934108604091,0.101696919645132
214,ARD,GB400,-35.8563231565713,85.2682018686982,Japonic,0.799138359373437,0.10265629499322
214,ARD,GB400,-35.8563231565713,85.2682018686982,Koreanic,0.869982373371482,0.0255271141583707
214,ER,GB401,-53.9015980519348,109.870992714039,Turkic,0.921982283206018,0.0649927969472679
214,ER,GB401,-53.9015980519348,109.870992714039,Tungusic,0.84818816075091,0.125256955280154
214,ER,GB401,-53.9015980519348,109.870992714039,Mongolic,0.427459363255965,0.517068246041513
214,ER,GB401,-53.9015980519348,109.870992714039,Japonic,0.804901693709438,0.1660571265031
214,ER,GB401,-53.9015980519348,109.870992714039,Koreanic,0.06890598710443,0.900433887316004
214,ARD,GB401,-43.2335462117733,100.022647979102,Turkic,0.16489819602742,0.0953824758915338
214,ARD,GB401,-43.2335462117733,100.022647979102,Tungusic,0.16490682163136,0.0953276341674036
214,ARD,GB401,-43.2335462117733,100.022647979102,Mongolic,0.164846315169721,0.0957226789149169
214,ARD,GB401,-43.2335462117733,100.022647979102,Japonic,0.164898875355852,0.0953781399829685
214,ARD,GB401,-43.2335462117733,100.022647979102,Koreanic,0.125778339276428,0.346909838320503
214,ER,GB403,-66.7635730018929,135.594942613955,Turkic,0.333333333333333,0.333333333333333
214,ER,GB403,-66.7635730018929,135.594942613955,Tungusic,0.333333333333333,0.333333333333333
214,ER,GB403,-66.7635730018929,135.594942613955,Mongolic,0.333333333333333,0.333333333333333
214,ER,GB403,-66.7635730018929,135.594942613955,Japonic,0.333333333333333,0.333333333333333
214,ER,GB403,-66.7635730018929,135.594942613955,Koreanic,0.333333333333333,0.333333333333333
214,ARD,GB403,-51.5477572515474,116.65107005865,Turkic,0.607759934620202,0.0665245483737727
214,ARD,GB403,-51.5477572515474,116.65107005865,Tungusic,0.607759934620202,0.0665245483737728
214,ARD,GB403,-51.5477572515474,116.65107005865,Mongolic,0.607759934620202,0.0665245483737728
214,ARD,GB403,-51.5477572515474,116.65107005865,Japonic,0.607759934620202,0.0665245483737729
214,ARD,GB403,-51.5477572515474,116.65107005865,Koreanic,0.607759934641871,0.066524548360199
214,ER,GB408,-7.28827760887507,16.6443518279196,Turkic,1.33462447621504e-06,0.999998665375524
214,ER,GB408,-7.28827760887507,16.6443518279196,Tungusic,1.71030619682011e-06,0.999998289693803
214,ER,GB408,-7.28827760887507,16.6443518279196,Mongolic,6.37357322802058e-07,0.999999362642677
214,ER,GB408,-7.28827760887507,16.6443518279196,Japonic,1.32374875857331e-06,0.999998676251242
214,ER,GB408,-7.28827760887507,16.6443518279196,Koreanic,2.63197196012326e-06,0.99999736802804
214,ARD,GB408,-6.95139700888971,18.1096905695036,Turkic,7.4640961260285e-22,1
214,ARD,GB408,-6.95139700888971,18.1096905695036,Tungusic,8.25938793310587e-22,1
214,ARD,GB408,-6.95139700888971,18.1096905695036,Mongolic,2.80730661900908e-22,1
214,ARD,GB408,-6.95139700888971,18.1096905695036,Japonic,3.32174222958166e-22,1
214,ARD,GB408,-6.95139700888971,18.1096905695036,Koreanic,1.61720274193827e-21,1
214,ER,GB409,-31.5050515293183,65.0778996688061,Turkic,0.999982834866108,8.85818864239532e-06
214,ER,GB409,-31.5050515293183,65.0778996688061,Tungusic,0.999978246444094,1.08771197155244e-05
214,ER,GB409,-31.5050515293183,65.0778996688061,Mongolic,0.999990489036804,4.75552696063649e-06
214,ER,GB409,-31.5050515293183,65.0778996688061,Japonic,0.999928179888037,5.9577741091388e-05
214,ER,GB409,-31.5050515293183,65.0778996688061,Koreanic,0.997807142725403,0.00109642865563772
214,ARD,GB409,-21.9714709043719,57.4984973642993,Turkic,0.894875721421775,0.0177534245250885
214,ARD,GB409,-21.9714709043719,57.4984973642993,Tungusic,0.894875721421775,0.0177534245250885
214,ARD,GB409,-21.9714709043719,57.4984973642993,Mongolic,0.894875721421775,0.0177534245250885
214,ARD,GB409,-21.9714709043719,57.4984973642993,Japonic,0.894875721421775,0.0177534245250885
214,ARD,GB409,-21.9714709043719,57.4984973642993,Koreanic,0.895166271577411,0.0177608936336357
214,ER,GB410,-52.9588268366259,107.985450283421,Turkic,0.0613186647605107,0.933835327099446
214,ER,GB410,-52.9588268366259,107.985450283421,Tungusic,0.595695292071753,0.395147501685473
214,ER,GB410,-52.9588268366259,107.985450283421,Mongolic,0.0938895584287307,0.902430068503549
214,ER,GB410,-52.9588268366259,107.985450283421,Japonic,0.659532335290739,0.328176970197272
214,ER,GB410,-52.9588268366259,107.985450283421,Koreanic,0.280251858421354,0.710715738929673
214,ARD,GB410,-41.6130653922732,96.7816863401019,Turkic,0.085943760908635,0.792051468251781
214,ARD,GB410,-41.6130653922732,96.7816863401019,Tungusic,0.593379220468577,0.348099938554146
214,ARD,GB410,-41.6130653922732,96.7816863401019,Mongolic,0.124773919161634,0.757833262704646
214,ARD,GB410,-41.6130653922732,96.7816863401019,Japonic,0.621226749252288,0.321127523970082
214,ARD,GB410,-41.6130653922732,96.7816863401019,Koreanic,0.333338894265683,0.558432807425869
214,ER,GB415,-65.9076730087614,133.883142627692,Turkic,0.333333333333333,0.333333333333333
214,ER,GB415,-65.9076730087614,133.883142627692,Tungusic,0.333333333333333,0.333333333333333
214,ER,GB415,-65.9076730087614,133.883142627692,Mongolic,0.333333333333333,0.333333333333333
214,ER,GB415,-65.9076730087614,133.883142627692,Japonic,0.333333333333333,0.333333333333333
214,ER,GB415,-65.9076730087614,133.883142627692,Koreanic,0.333333333143768,0.333333333712465
214,ARD,GB415,-46.1914789579482,105.938513471452,Turkic,0.670042137813902,0.281302691758069
214,ARD,GB415,-46.1914789579482,105.938513471452,Tungusic,0.670042137813901,0.28130269175807
214,ARD,GB415,-46.1914789579482,105.938513471452,Mongolic,0.670042137813903,0.281302691758068
214,ARD,GB415,-46.1914789579482,105.938513471452,Japonic,0.670042137813902,0.281302691758069
214,ARD,GB415,-46.1914789579482,105.938513471452,Koreanic,0.670040124173285,0.281304583792728
214,ER,GB421,-66.59307426761,135.253945145389,Turkic,0.333333333333333,0.333333333333333
214,ER,GB421,-66.59307426761,135.253945145389,Tungusic,0.333333333333333,0.333333333333333
214,ER,GB421,-66.59307426761,135.253945145389,Mongolic,0.333333333333333,0.333333333333333
214,ER,GB421,-66.59307426761,135.253945145389,Japonic,0.333333333333333,0.333333333333333
214,ER,GB421,-66.59307426761,135.253945145389,Koreanic,0.33376350208891,0.333118248955545
214,ARD,GB421,-57.595733428137,128.747022411829,Turkic,0.469099640355813,0.1038697283153
214,ARD,GB421,-57.595733428137,128.747022411829,Tungusic,0.469099640355813,0.1038697283153
214,ARD,GB421,-57.595733428137,128.747022411829,Mongolic,0.469099640355813,0.1038697283153
214,ARD,GB421,-57.595733428137,128.747022411829,Japonic,0.469099640355813,0.103869728315301
214,ARD,GB421,-57.595733428137,128.747022411829,Koreanic,0.469129232005243,0.103821199430074
214,ER,GB422,-65.953706511735,133.97520963364,Turkic,0.333333565332166,0.333333236816226
214,ER,GB422,-65.953706511735,133.97520963364,Tungusic,0.333333810491929,0.333333095190081
214,ER,GB422,-65.953706511735,133.97520963364,Mongolic,0.333334447704633,0.333332847882282
214,ER,GB422,-65.953706511735,133.97520963364,Japonic,0.333333339656187,0.333333337247928
214,ER,GB422,-65.953706511735,133.97520963364,Koreanic,0.300407688648395,0.399184622705496
214,ARD,GB422,-57.5413821396483,128.638319834852,Turkic,0.441524894402809,0.119292466570209
214,ARD,GB422,-57.5413821396483,128.638319834852,Tungusic,0.448011112983442,0.117876553337172
214,ARD,GB422,-57.5413821396483,128.638319834852,Mongolic,0.449023780848179,0.117654727141826
214,ARD,GB422,-57.5413821396483,128.638319834852,Japonic,0.428476575906941,0.122145942835566
214,ARD,GB422,-57.5413821396483,128.638319834852,Koreanic,0.219509491760782,0.167853849512511
214,ER,GB431,-4.38172798207523,10.8312525743199,Turkic,1,2.73025775008736e-29
214,ER,GB431,-4.38172798207523,10.8312525743199,Tungusic,1,3.06970810732459e-29
214,ER,GB431,-4.38172798207523,10.8312525743199,Mongolic,1,1.04114936970294e-29
214,ER,GB431,-4.38172798207523,10.8312525743199,Japonic,1,1.21525408159229e-29
214,ER,GB431,-4.38172798207523,10.8312525743199,Koreanic,1,5.9431757667976e-29
214,ARD,GB431,-4.38172798242746,12.9703525165791,Turkic,1,4.97545684944693e-29
214,ARD,GB431,-4.38172798242746,12.9703525165791,Tungusic,1,5.59405068629174e-29
214,ARD,GB431,-4.38172798242746,12.9703525165791,Mongolic,1,1.89732774380275e-29
214,ARD,GB431,-4.38172798242746,12.9703525165791,Japonic,1,2.21460565978115e-29
214,ARD,GB431,-4.38172798242746,12.9703525165791,Koreanic,1,1.08304846133929e-28
214,ER,GB432,-27.5532575128974,57.1743116359642,Turkic,0.000610625629290827,0.999389374370709
214,ER,GB432,-27.5532575128974,57.1743116359642,Tungusic,0.452144156208877,0.547855843791123
214,ER,GB432,-27.5532575128974,57.1743116359642,Mongolic,0.00489271624675109,0.995107283753249
214,ER,GB432,-27.5532575128974,57.1743116359642,Japonic,0.000724360891639879,0.99927563910836
214,ER,GB432,-27.5532575128974,57.1743116359642,Koreanic,0.000342950025513337,0.999657049974487
214,ARD,GB432,-26.2183856358209,56.6436678233659,Turkic,0.0132332749916315,0.986766725008368
214,ARD,GB432,-26.2183856358209,56.6436678233659,Tungusic,0.773605618189416,0.226394381810584
214,ARD,GB432,-26.2183856358209,56.6436678233659,Mongolic,0.066927333472836,0.933072666527164
214,ARD,GB432,-26.2183856358209,56.6436678233659,Japonic,0.0158453859638358,0.984154614036164
214,ARD,GB432,-26.2183856358209,56.6436678233659,Koreanic,0.00248823725072953,0.997511762749271
214,ER,GB433,-21.9166574111446,45.9011114324587,Turkic,0.0114304451459083,0.988364988427527
214,ER,GB433,-21.9166574111446,45.9011114324587,Tungusic,0.00271590250345918,0.997253339429971
214,ER,GB433,-21.9166574111446,45.9011114324587,Mongolic,0.0017683119885236,0.998202334043871
214,ER,GB433,-21.9166574111446,45.9011114324587,Japonic,0.738044263796462,0.261144674937039
214,ER,GB433,-21.9166574111446,45.9011114324587,Koreanic,0.997719392362912,0.00212768837471979
214,ARD,GB433,-18.0158499259672,49.58725540749,Turkic,1.02020743447868e-18,1
214,ARD,GB433,-18.0158499259672,49.58725540749,Tungusic,1.57327270159944e-20,1
214,ARD,GB433,-18.0158499259672,49.58725540749,Mongolic,4.05788258008444e-20,1
214,ARD,GB433,-18.0158499259672,49.58725540749,Japonic,0.0170733652654082,0.723538490544238
214,ARD,GB433,-18.0158499259672,49.58725540749,Koreanic,0.925933128207835,0.00088314505299332
214,ER,GB519,-65.1417823943506,132.351361398871,Turkic,0.987749329143502,0.0107043624090894
214,ER,GB519,-65.1417823943506,132.351361398871,Tungusic,0.997700508591908,0.00115327328194941
214,ER,GB519,-65.1417823943506,132.351361398871,Mongolic,0.998756536377983,0.000644529190055999
214,ER,GB519,-65.1417823943506,132.351361398871,Japonic,0.989038078933305,0.00842506872977493
214,ER,GB519,-65.1417823943506,132.351361398871,Koreanic,0.998606223018402,0.000696991879584275
214,ARD,GB519,-40.7913793102948,95.1383141761451,Turkic,0.765924131828803,0.185300303800161
214,ARD,GB519,-40.7913793102948,95.1383141761451,Tungusic,0.765924131828804,0.18530030380016
214,ARD,GB519,-40.7913793102948,95.1383141761451,Mongolic,0.765924131828804,0.18530030380016
214,ARD,GB519,-40.7913793102948,95.1383141761451,Japonic,0.765924131828804,0.18530030380016
214,ARD,GB519,-40.7913793102948,95.1383141761451,Koreanic,0.765924131828805,0.18530030380016
214,ER,GB520,-19.9046707321019,41.8771380743733,Turkic,0.999998757010482,6.21515905126526e-07
214,ER,GB520,-19.9046707321019,41.8771380743733,Tungusic,0.999998546171152,7.26914424288124e-07
214,ER,GB520,-19.9046707321019,41.8771380743733,Mongolic,0.999999437247864,2.81376067797078e-07
214,ER,GB520,-19.9046707321019,41.8771380743733,Japonic,0.999999291642842,3.54398646861529e-07
214,ER,GB520,-19.9046707321019,41.8771380743733,Koreanic,0.999997481342882,1.25932855920812e-06
214,ARD,GB520,-13.6478606685239,40.8512768926033,Turkic,0.947553498446985,0.036004877155222
214,ARD,GB520,-13.6478606685239,40.8512768926033,Tungusic,0.947553909475425,0.0360044582872373
214,ARD,GB520,-13.6478606685239,40.8512768926033,Mongolic,0.947554619208139,0.0360037350177796
214,ARD,GB520,-13.6478606685239,40.8512768926033,Japonic,0.947553586159309,0.0360047877699612
214,ARD,GB520,-13.6478606685239,40.8512768926033,Koreanic,0.956389141496662,0.0269995783017969
214,ER,GB521,-27.5544450135938,57.176686637357,Turkic,0.999991565755013,4.38347317279322e-06
214,ER,GB521,-27.5544450135938,57.176686637357,Tungusic,0.999990230638401,4.88479538788315e-06
214,ER,GB521,-27.5544450135938,57.176686637357,Mongolic,0.999995439270299,2.48443236099871e-06
214,ER,GB521,-27.5544450135938,57.176686637357,Japonic,0.999994438261058,2.78175572421751e-06
214,ER,GB521,-27.5544450135938,57.176686637357,Koreanic,0.999984669481565,7.66538415862378e-06
214,ARD,GB521,-19.3341311728117,52.2238179011789,Turkic,0.908520182993749,0.0749410317232998
214,ARD,GB521,-19.3341311728117,52.2238179011789,Tungusic,0.908556215275579,0.074904304481127
214,ARD,GB521,-19.3341311728117,52.2238179011789,Mongolic,0.908457982018962,0.0750044323579484
214,ARD,GB521,-19.3341311728117,52.2238179011789,Japonic,0.908531303078585,0.0749296971641398
214,ARD,GB521,-19.3341311728117,52.2238179011789,Koreanic,0.939110573657595,0.0437559192696569
214,ER,GB522,-47.3459166161642,96.7596298424978,Turkic,8.21373778004652e-05,0.999836256943975
214,ER,GB522,-47.3459166161642,96.7596298424978,Tungusic,0.000345696862146922,0.999482967759898
214,ER,GB522,-47.3459166161642,96.7596298424978,Mongolic,5.8346524882857e-05,0.999884601256418
214,ER,GB522,-47.3459166161642,96.7596298424978,Japonic,0.000119101706049156,0.999769063771333
214,ER,GB522,-47.3459166161642,96.7596298424978,Koreanic,0.000119913660115756,0.999760182401087
214,ARD,GB522,-33.4960482655082,80.5476520865719,Turkic,0.0302015740590874,0.818562131040107
214,ARD,GB522,-33.4960482655082,80.5476520865719,Tungusic,0.0302015740611306,0.818562131020704
214,ARD,GB522,-33.4960482655082,80.5476520865719,Mongolic,0.0302015740087347,0.818562131498891
214,ARD,GB522,-33.4960482655082,80.5476520865719,Japonic,0.030201574062119,0.818562131011248
214,ARD,GB522,-33.4960482655082,80.5476520865719,Koreanic,0.0289665713322362,0.830153718987394
214,ER,TE003,-37.4892191279937,77.0462348661569,Turkic,0.0295970997959214,0.969757241130652
214,ER,TE003,-37.4892191279937,77.0462348661569,Tungusic,0.999788310569807,0.000187127232061135
214,ER,TE003,-37.4892191279937,77.0462348661569,Mongolic,0.973905787031381,0.0258411074105887
214,ER,TE003,-37.4892191279937,77.0462348661569,Japonic,0.985365564702796,0.0143008405887767
214,ER,TE003,-37.4892191279937,77.0462348661569,Koreanic,0.892140281680057,0.106415902481377
214,ARD,TE003,-32.565612057266,78.6867796700876,Turkic,0.0636221675963105,0.935407218227919
214,ARD,TE003,-32.565612057266,78.6867796700876,Tungusic,0.958687645984883,0.000104553214385402
214,ARD,TE003,-32.565612057266,78.6867796700876,Mongolic,0.954737877071077,0.0113305522270782
214,ARD,TE003,-32.565612057266,78.6867796700876,Japonic,0.946339663900609,0.0151474434556136
214,ARD,TE003,-32.565612057266,78.6867796700876,Koreanic,0.915655470102896,0.0639532516564113
214,ER,TE004,-34.5151996041286,71.0981958184267,Turkic,0.999983008100608,8.50636521363592e-06
214,ER,TE004,-34.5151996041286,71.0981958184267,Tungusic,0.951136017911273,0.0484700021075588
214,ER,TE004,-34.5151996041286,71.0981958184267,Mongolic,0.999665861440919,0.000324994454122518
214,ER,TE004,-34.5151996041286,71.0981958184267,Japonic,0.999986222052688,7.13246426191371e-06
214,ER,TE004,-34.5151996041286,71.0981958184267,Koreanic,0.923650784927618,0.0753130668051722
214,ARD,TE004,-28.4416936804411,70.4389429164377,Turkic,0.964870796968301,0.0109986337193508
214,ARD,TE004,-28.4416936804411,70.4389429164377,Tungusic,0.339578460970386,0.652861261994232
214,ARD,TE004,-28.4416936804411,70.4389429164377,Mongolic,0.710250601812715,0.233172908171477
214,ARD,TE004,-28.4416936804411,70.4389429164377,Japonic,0.951397389851885,0.0217788255263293
214,ARD,TE004,-28.4416936804411,70.4389429164377,Koreanic,0.549126806072626,0.439449659274312
214,ER,TE005,-62.4388772002699,126.945551010709,Turkic,0.992772606336202,0.00408586219524959
214,ER,TE005,-62.4388772002699,126.945551010709,Tungusic,0.351960445701778,0.61948834511524
214,ER,TE005,-62.4388772002699,126.945551010709,Mongolic,0.877328132038986,0.105076192394999
214,ER,TE005,-62.4388772002699,126.945551010709,Japonic,0.977409434155061,0.0143055629812847
214,ER,TE005,-62.4388772002699,126.945551010709,Koreanic,0.93392887689695,0.0371270368715388
214,ARD,TE005,-49.3954029739233,112.346361503402,Turkic,0.760453709439693,0.0115363142157097
214,ARD,TE005,-49.3954029739233,112.346361503402,Tungusic,0.0754437410817328,0.90324496120471
214,ARD,TE005,-49.3954029739233,112.346361503402,Mongolic,0.520547955377566,0.325530181402928
214,ARD,TE005,-49.3954029739233,112.346361503402,Japonic,0.737163980583264,0.0422754871200759
214,ARD,TE005,-49.3954029739233,112.346361503402,Koreanic,0.73318099102618,0.0476742328150566
214,ER,TE006,-67.0864864889226,136.240769588015,Turkic,0.333333333333333,0.333333333333333
214,ER,TE006,-67.0864864889226,136.240769588015,Tungusic,0.333333333333333,0.333333333333333
214,ER,TE006,-67.0864864889226,136.240769588015,Mongolic,0.333333333333333,0.333333333333333
214,ER,TE006,-67.0864864889226,136.240769588015,Japonic,0.333333333333333,0.333333333333334
214,ER,TE006,-67.0864864889226,136.240769588015,Koreanic,0.333333333333333,0.333333333333333
214,ARD,TE006,-50.3700253086178,114.295606172791,Turkic,0.916107122509322,0.036865739467496
214,ARD,TE006,-50.3700253086178,114.295606172791,Tungusic,0.942382359752542,0.0247028048808528
214,ARD,TE006,-50.3700253086178,114.295606172791,Mongolic,0.660943537341626,0.142929948066951
214,ARD,TE006,-50.3700253086178,114.295606172791,Japonic,0.551457579048024,0.18498844157762
214,ARD,TE006,-50.3700253086178,114.295606172791,Koreanic,0.113125260142868,0.371030896155633
214,ER,TE007,-43.6447055896502,89.3572077894699,Turkic,0.99991699867976,4.16472637234751e-05
214,ER,TE007,-43.6447055896502,89.3572077894699,Tungusic,0.999651658000717,0.000278328236860959
214,ER,TE007,-43.6447055896502,89.3572077894699,Mongolic,0.973351194890319,0.0261957188661045
214,ER,TE007,-43.6447055896502,89.3572077894699,Japonic,0.999885286383279,6.18427175520372e-05
214,ER,TE007,-43.6447055896502,89.3572077894699,Koreanic,0.862829781858419,0.134531538308739
214,ARD,TE007,-32.0879633607757,77.7314822771069,Turkic,0.908582085022743,0.0151945548926851
214,ARD,TE007,-32.0879633607757,77.7314822771069,Tungusic,0.800834397361104,0.132285292164955
214,ARD,TE007,-32.0879633607757,77.7314822771069,Mongolic,0.470389351384085,0.490388218614665
214,ARD,TE007,-32.0879633607757,77.7314822771069,Japonic,0.888262433303748,0.0372079020373568
214,ARD,TE007,-32.0879633607757,77.7314822771069,Koreanic,0.385046306769612,0.583195972616545
214,ER,TE008,-39.8288381549827,81.7254729201349,Turkic,0.00188161929159191,0.997726574324976
214,ER,TE008,-39.8288381549827,81.7254729201349,Tungusic,0.00323285861487413,0.996437391114315
214,ER,TE008,-39.8288381549827,81.7254729201349,Mongolic,0.1711545923955,0.827737774388355
214,ER,TE008,-39.8288381549827,81.7254729201349,Japonic,0.00031948149359444,0.999530467617054
214,ER,TE008,-39.8288381549827,81.7254729201349,Koreanic,0.995483436321906,0.00386387210980735
214,ARD,TE008,-33.6841384892774,80.9238325341103,Turkic,2.32738650213373e-11,0.978097676462786
214,ARD,TE008,-33.6841384892774,80.9238325341103,Tungusic,2.36348479362268e-20,0.97738240581308
214,ARD,TE008,-33.6841384892774,80.9238325341103,Mongolic,6.71338302633673e-19,0.97773167553647
214,ARD,TE008,-33.6841384892774,80.9238325341103,Japonic,1.03946894449168e-20,0.97725197778073
214,ARD,TE008,-33.6841384892774,80.9238325341103,Koreanic,0.993216821177427,0.00668938271048673
214,ER,TE018,-52.8169774290456,107.701751468261,Turkic,0.0898035316048289,0.907479128013587
214,ER,TE018,-52.8169774290456,107.701751468261,Tungusic,0.00115793665912782,0.998422652835678
214,ER,TE018,-52.8169774290456,107.701751468261,Mongolic,0.00410308142326452,0.995294377116803
214,ER,TE018,-52.8169774290456,107.701751468261,Japonic,0.604158187901472,0.3880506169547
214,ER,TE018,-52.8169774290456,107.701751468261,Koreanic,0.99326985075618,0.00559769141844457
214,ARD,TE018,-38.0076199081118,89.5707953717791,Turkic,6.92216811332826e-19,1
214,ARD,TE018,-38.0076199081118,89.5707953717791,Tungusic,5.32140578397167e-21,1
214,ARD,TE018,-38.0076199081118,89.5707953717791,Mongolic,6.2549316702022e-20,1
214,ARD,TE018,-38.0076199081118,89.5707953717791,Japonic,0.108617462676943,0.816200436564947
214,ARD,TE018,-38.0076199081118,89.5707953717791,Koreanic,0.830288014414635,0.00685827075533886
214,ER,TE019,-45.9223276231562,93.9124518564818,Turkic,0.0289525871935294,0.969926370871015
214,ER,TE019,-45.9223276231562,93.9124518564818,Tungusic,0.000561737639105733,0.999285782665772
214,ER,TE019,-45.9223276231562,93.9124518564818,Mongolic,0.00266936146498352,0.997080258222724
214,ER,TE019,-45.9223276231562,93.9124518564818,Japonic,0.615009888034878,0.380619029136852
214,ER,TE019,-45.9223276231562,93.9124518564818,Koreanic,0.995014279427295,0.00432480849166714
214,ARD,TE019,-30.685522531965,74.9266006194855,Turkic,7.78573153286264e-19,1
214,ARD,TE019,-30.685522531965,74.9266006194855,Tungusic,3.94657889495692e-21,1
214,ARD,TE019,-30.685522531965,74.9266006194855,Mongolic,5.70987168959623e-20,1
214,ARD,TE019,-30.685522531965,74.9266006194855,Japonic,0.203174235035362,0.767664143510827
214,ARD,TE019,-30.685522531965,74.9266006194855,Koreanic,0.824324536856925,0.00585136307057243
214,ER,TE027,-67.0864865012448,136.240769612659,Turkic,0.333333333333333,0.333333333333333
214,ER,TE027,-67.0864865012448,136.240769612659,Tungusic,0.333333333333333,0.333333333333333
214,ER,TE027,-67.0864865012448,136.240769612659,Mongolic,0.333333333333333,0.333333333333333
214,ER,TE027,-67.0864865012448,136.240769612659,Japonic,0.333333333333333,0.333333333333333
214,ER,TE027,-67.0864865012448,136.240769612659,Koreanic,0.333333333333333,0.333333333333333
214,ARD,TE027,-56.4956707201588,126.546896995873,Turkic,0.543172508012211,0.357310572393061
214,ARD,TE027,-56.4956707201588,126.546896995873,Tungusic,0.543172508012211,0.357310572393061
214,ARD,TE027,-56.4956707201588,126.546896995873,Mongolic,0.543172508012211,0.357310572393061
214,ARD,TE027,-56.4956707201588,126.546896995873,Japonic,0.543172508012211,0.357310572393061
214,ARD,TE027,-56.4956707201588,126.546896995873,Koreanic,0.543172508010335,0.357310572394793
214,ER,TE031,-34.4433788753672,70.9545543609039,Turkic,0.310108444214524,0.68827786152845
214,ER,TE031,-34.4433788753672,70.9545543609039,Tungusic,0.000203678655552747,0.999698263959661
214,ER,TE031,-34.4433788753672,70.9545543609039,Mongolic,5.9815114688381e-05,0.999901335865431
214,ER,TE031,-34.4433788753672,70.9545543609039,Japonic,0.46167040490472,0.536221991617634
214,ER,TE031,-34.4433788753672,70.9545543609039,Koreanic,8.18074890482754e-05,0.999836537208139
214,ARD,TE031,-27.8629157359069,69.2813870273693,Turkic,0.76035171124253,0.232092440876753
214,ARD,TE031,-27.8629157359069,69.2813870273693,Tungusic,0.00602639015306306,0.980421239118527
214,ARD,TE031,-27.8629157359069,69.2813870273693,Mongolic,0.00322975125223991,0.984015601486231
214,ARD,TE031,-27.8629157359069,69.2813870273693,Japonic,0.858424391867779,0.120269420708968
214,ARD,TE031,-27.8629157359069,69.2813870273693,Koreanic,0.00104272221439067,0.986724365469794
214,ER,TE037,-60.1744657884446,122.416728187059,Turkic,0.128577719599988,0.824602869295636
214,ER,TE037,-60.1744657884446,122.416728187059,Tungusic,0.566591111788975,0.356990554499965
214,ER,TE037,-60.1744657884446,122.416728187059,Mongolic,0.335086866748455,0.610697060427738
214,ER,TE037,-60.1744657884446,122.416728187059,Japonic,0.210502723173185,0.712703544041808
214,ER,TE037,-60.1744657884446,122.416728187059,Koreanic,0.448735032882732,0.514649640270327
214,ARD,TE037,-42.2913991424691,98.1383538404938,Turkic,0.406611316016265,0.575761628894965
214,ARD,TE037,-42.2913991424691,98.1383538404938,Tungusic,0.406628616790456,0.575745313155368
214,ARD,TE037,-42.2913991424691,98.1383538404938,Mongolic,0.406615383821048,0.575757792705371
214,ARD,TE037,-42.2913991424691,98.1383538404938,Japonic,0.406616862527715,0.575756398181572
214,ARD,TE037,-42.2913991424691,98.1383538404938,Koreanic,0.434059942994332,0.551028125222629
214,ER,TE038,-33.2892317638884,68.6462601379463,Turkic,0.0171242090785292,0.982377210332954
214,ER,TE038,-33.2892317638884,68.6462601379463,Tungusic,0.00151675804686876,0.998417068582515
214,ER,TE038,-33.2892317638884,68.6462601379463,Mongolic,0.00206361107249672,0.997843266709325
214,ER,TE038,-33.2892317638884,68.6462601379463,Japonic,0.664274335589352,0.333649761653423
214,ER,TE038,-33.2892317638884,68.6462601379463,Koreanic,0.99649498568588,0.00316011698856868
214,ARD,TE038,-28.7669634050025,71.0894823655606,Turkic,8.85234025696911e-19,1
214,ARD,TE038,-28.7669634050025,71.0894823655606,Tungusic,4.42044565603181e-21,1
214,ARD,TE038,-28.7669634050025,71.0894823655606,Mongolic,6.28237446787057e-20,1
214,ARD,TE038,-28.7669634050025,71.0894823655606,Japonic,0.123223023880199,0.789707087489336
214,ARD,TE038,-28.7669634050025,71.0894823655606,Koreanic,0.967301393760522,0.00412524783181978
214,ER,TE039,-56.3885612816589,114.844919173487,Turkic,0.165807315676302,0.818778663994033
214,ER,TE039,-56.3885612816589,114.844919173487,Tungusic,0.0302590735298133,0.959256101196825
214,ER,TE039,-56.3885612816589,114.844919173487,Mongolic,0.0582924146511646,0.933019492655721
214,ER,TE039,-56.3885612816589,114.844919173487,Japonic,0.116766844805646,0.863033028774986
214,ER,TE039,-56.3885612816589,114.844919173487,Koreanic,0.30875499714776,0.671453600598948
214,ARD,TE039,-44.5704137322237,102.696383020003,Turkic,0.401013670088531,0.557008157603064
214,ARD,TE039,-44.5704137322237,102.696383020003,Tungusic,0.311809402299892,0.641612336676949
214,ARD,TE039,-44.5704137322237,102.696383020003,Mongolic,0.348870656594687,0.606400162039114
214,ARD,TE039,-44.5704137322237,102.696383020003,Japonic,0.369666015051633,0.586700275809294
214,ARD,TE039,-44.5704137322237,102.696383020003,Koreanic,0.45583481254203,0.495868085001932
214,ER,TE050,-48.442466387793,98.9527293857555,Turkic,0.999948013718005,2.61464075372682e-05
214,ER,TE050,-48.442466387793,98.9527293857555,Tungusic,0.999931163190874,3.49355552457695e-05
214,ER,TE050,-48.442466387793,98.9527293857555,Mongolic,0.999969100536258,1.54505364461353e-05
214,ER,TE050,-48.442466387793,98.9527293857555,Japonic,0.999930859488678,4.15732801736067e-05
214,ER,TE050,-48.442466387793,98.9527293857555,Koreanic,0.999912581779527,4.37091159372969e-05
214,ARD,TE050,-28.1531603967722,69.8618763491,Turkic,0.864175634491408,0.0357769259213849
214,ARD,TE050,-28.1531603967722,69.8618763491,Tungusic,0.864175634452432,0.0357769259599874
214,ARD,TE050,-28.1531603967722,69.8618763491,Mongolic,0.864175634594806,0.0357769258183276
214,ARD,TE050,-28.1531603967722,69.8618763491,Japonic,0.864175634484244,0.0357769259284744
214,ARD,TE050,-28.1531603967722,69.8618763491,Koreanic,0.866460575388601,0.0335178964975746
214,ER,TE052,-48.6199049488855,99.3076065079406,Turkic,0.0563215480005779,0.940740214777469
214,ER,TE052,-48.6199049488855,99.3076065079406,Tungusic,0.789036092732986,0.207796963605396
214,ER,TE052,-48.6199049488855,99.3076065079406,Mongolic,0.341211838732962,0.654926881962686
214,ER,TE052,-48.6199049488855,99.3076065079406,Japonic,0.815468162076204,0.179030935686409
214,ER,TE052,-48.6199049488855,99.3076065079406,Koreanic,0.996257733420545,0.00302661748596254
214,ARD,TE052,-37.231689591577,88.0189347387096,Turkic,3.1316570608732e-18,0.858304012354127
214,ARD,TE052,-37.231689591577,88.0189347387096,Tungusic,9.62954650695672e-17,0.858303668233238
214,ARD,TE052,-37.231689591577,88.0189347387096,Mongolic,3.71569002735792e-19,0.858282103401459
214,ARD,TE052,-37.231689591577,88.0189347387096,Japonic,0.168352535604043,0.696209809967483
214,ARD,TE052,-37.231689591577,88.0189347387096,Koreanic,0.991959026802878,0.0064248965184305
214,ER,TE053,-66.7635070409689,135.594810692107,Turkic,0.333333333333333,0.333333333333333
214,ER,TE053,-66.7635070409689,135.594810692107,Tungusic,0.333333333333333,0.333333333333333
214,ER,TE053,-66.7635070409689,135.594810692107,Mongolic,0.333333333333333,0.333333333333333
214,ER,TE053,-66.7635070409689,135.594810692107,Japonic,0.333333333333333,0.333333333333333
214,ER,TE053,-66.7635070409689,135.594810692107,Koreanic,0.333333333333333,0.333333333333333
214,ARD,TE053,-50.5645848909497,114.684725337455,Turkic,0.366092970868547,0.585140336137927
214,ARD,TE053,-50.5645848909497,114.684725337455,Tungusic,0.366092970868546,0.585140336137927
214,ARD,TE053,-50.5645848909497,114.684725337455,Mongolic,0.366092970868546,0.585140336137927
214,ARD,TE053,-50.5645848909497,114.684725337455,Japonic,0.366092970868547,0.585140336137927
214,ARD,TE053,-50.5645848909497,114.684725337455,Koreanic,0.366092970868508,0.585140336137974
214,ER,TE054,-66.3316271008503,134.73105081187,Turkic,0.333333333256877,0.333333333486249
214,ER,TE054,-66.3316271008503,134.73105081187,Tungusic,0.33333333329495,0.333333333565362
214,ER,TE054,-66.3316271008503,134.73105081187,Mongolic,0.333333332824102,0.333333334704904
214,ER,TE054,-66.3316271008503,134.73105081187,Japonic,0.333333333332163,0.333333333335949
214,ER,TE054,-66.3316271008503,134.73105081187,Koreanic,0.344334520419275,0.344334520419275
214,ARD,TE054,-52.7261015570605,119.007758669676,Turkic,0.102758134815084,0.634191975829174
214,ARD,TE054,-52.7261015570605,119.007758669676,Tungusic,0.102758134858593,0.634191975696622
214,ARD,TE054,-52.7261015570605,119.007758669676,Mongolic,0.102758134462414,0.634191976903602
214,ARD,TE054,-52.7261015570605,119.007758669676,Japonic,0.102758134890708,0.634191975598783
214,ARD,TE054,-52.7261015570605,119.007758669676,Koreanic,0.10732895351651,0.619993491208261
214,ER,TE059,-58.613224049678,119.294244709525,Turkic,0.999402148800646,0.000325000687884596
214,ER,TE059,-58.613224049678,119.294244709525,Tungusic,0.995774152704963,0.00337174443159307
214,ER,TE059,-58.613224049678,119.294244709525,Mongolic,0.9957819565947,0.00346180939166032
214,ER,TE059,-58.613224049678,119.294244709525,Japonic,0.99903742358913,0.000486090002810762
214,ER,TE059,-58.613224049678,119.294244709525,Koreanic,0.00615899174693294,0.992463754337356
214,ARD,TE059,-45.321137690523,104.197830936602,Turkic,0.748789015542669,0.118509635872671
214,ARD,TE059,-45.321137690523,104.197830936602,Tungusic,0.748789015542669,0.118509635872671
214,ARD,TE059,-45.321137690523,104.197830936602,Mongolic,0.748789015542669,0.118509635872671
214,ARD,TE059,-45.321137690523,104.197830936602,Japonic,0.748789015542669,0.118509635872671
214,ARD,TE059,-45.321137690523,104.197830936602,Koreanic,0.748789015542667,0.118509635872672
214,ER,TE066,-15.2372886329834,32.5423738761364,Turkic,0.0268041193430422,0.973195880656958
214,ER,TE066,-15.2372886329834,32.5423738761364,Tungusic,0.977861001274187,0.0221389987258127
214,ER,TE066,-15.2372886329834,32.5423738761364,Mongolic,0.233398243165876,0.766601756834124
214,ER,TE066,-15.2372886329834,32.5423738761364,Japonic,0.977352142358885,0.0226478576411147
214,ER,TE066,-15.2372886329834,32.5423738761364,Koreanic,0.999011557936339,0.000988442063661348
214,ARD,TE066,-13.7466081553756,31.7001128624754,Turkic,0.0438884142111542,0.956111585788846
214,ARD,TE066,-13.7466081553756,31.7001128624754,Tungusic,1,2.97360370507256e-20
214,ARD,TE066,-13.7466081553756,31.7001128624754,Mongolic,0.462895968154353,0.537104031845647
214,ARD,TE066,-13.7466081553756,31.7001128624754,Japonic,1,1.56316075487494e-18
214,ARD,TE066,-13.7466081553756,31.7001128624754,Koreanic,1,2.05624603350559e-19
214,ER,TE078,-24.5234058850606,51.1146083802908,Turkic,0.999992025619916,3.98744527548485e-06
214,ER,TE078,-24.5234058850606,51.1146083802908,Tungusic,0.999989210957346,5.86217478406457e-06
214,ER,TE078,-24.5234058850606,51.1146083802908,Mongolic,0.999812499729786,0.000174864635560892
214,ER,TE078,-24.5234058850606,51.1146083802908,Japonic,0.999994421579225,2.82004150736275e-06
214,ER,TE078,-24.5234058850606,51.1146083802908,Koreanic,0.00189479242322098,0.997985321255562
214,ARD,TE078,-20.8947366265292,55.345028808614,Turkic,0.927415728243199,0.0358279330215972
214,ARD,TE078,-20.8947366265292,55.345028808614,Tungusic,0.90195126273535,0.0624708477999904
214,ARD,TE078,-20.8947366265292,55.345028808614,Mongolic,0.849131834915184,0.1177205041468
214,ARD,TE078,-20.8947366265292,55.345028808614,Japonic,0.913323395091596,0.0505586986311193
214,ARD,TE078,-20.8947366265292,55.345028808614,Koreanic,0.01208750955078,0.987637480877076
214,ER,TS001,-40.0266594299439,82.1211154700573,Turkic,2.80047310316897e-05,0.99994427156401
214,ER,TS001,-40.0266594299439,82.1211154700573,Tungusic,3.97370122573747e-05,0.999922855610587
214,ER,TS001,-40.0266594299439,82.1211154700573,Mongolic,8.56873034104376e-05,0.999888560038116
214,ER,TS001,-40.0266594299439,82.1211154700573,Japonic,3.7146526319167e-05,0.999931755806008
214,ER,TS001,-40.0266594299439,82.1211154700573,Koreanic,0.104403892899036,0.893516381859246
214,ARD,TS001,-28.3793188188518,70.3141931932591,Turkic,0.0495011645346213,0.87506638739691
214,ARD,TS001,-28.3793188188518,70.3141931932591,Tungusic,0.0495011645337857,0.875066387398372
214,ARD,TS001,-28.3793188188518,70.3141931932591,Mongolic,0.0495011645286948,0.875066387407276
214,ARD,TS001,-28.3793188188518,70.3141931932591,Japonic,0.0495011645350019,0.875066387396244
214,ARD,TS001,-28.3793188188518,70.3141931932591,Koreanic,0.0609592145182655,0.854874739311741
214,ER,TS002,-60.6322583759025,123.332313361974,Turkic,0.92677777815382,0.0637099949894731
214,ER,TS002,-60.6322583759025,123.332313361974,Tungusic,0.959195314442325,0.0333527943662987
214,ER,TS002,-60.6322583759025,123.332313361974,Mongolic,0.975240302373109,0.0210220215097909
214,ER,TS002,-60.6322583759025,123.332313361974,Japonic,0.493331036351245,0.477687931185644
214,ER,TS002,-60.6322583759025,123.332313361974,Koreanic,0.719382028851706,0.265685022708683
214,ARD,TS002,-45.1385155909277,103.832586737411,Turkic,0.866252363250448,0.087468414106048
214,ARD,TS002,-45.1385155909277,103.832586737411,Tungusic,0.871048077369837,0.0832535020695337
214,ARD,TS002,-45.1385155909277,103.832586737411,Mongolic,0.892638437289199,0.0693942137421735
214,ARD,TS002,-45.1385155909277,103.832586737411,Japonic,0.475537908714803,0.339403066584112
214,ARD,TS002,-45.1385155909277,103.832586737411,Koreanic,0.626964534252851,0.242983187075601
214,ER,TS003,-11.8883259449551,25.8444485000797,Turkic,1.61261703188184e-07,0.999999678783765
214,ER,TS003,-11.8883259449551,25.8444485000797,Tungusic,1.98548106007676e-07,0.999999616057953
214,ER,TS003,-11.8883259449551,25.8444485000797,Mongolic,6.88793935490822e-08,0.999999862721605
214,ER,TS003,-11.8883259449551,25.8444485000797,Japonic,1.42606618295237e-07,0.999999769299827
214,ER,TS003,-11.8883259449551,25.8444485000797,Koreanic,3.3240085714447e-07,0.999999335200957
214,ARD,TS003,-8.1294248962504,29.8144053480564,Turkic,1.5972861129775e-21,0.985501484282483
214,ARD,TS003,-8.1294248962504,29.8144053480564,Tungusic,1.78947632504279e-21,0.985498633486113
214,ARD,TS003,-8.1294248962504,29.8144053480564,Mongolic,6.04980407811286e-22,0.985513682441237
214,ARD,TS003,-8.1294248962504,29.8144053480564,Japonic,7.10236311159001e-22,0.985534848051696
214,ARD,TS003,-8.1294248962504,29.8144053480564,Koreanic,3.28349968409803e-21,0.985498636103402
214,ER,TS005,-9.65920638630132,21.3862093827721,Turkic,1.62196997410095e-07,0.999999676921064
214,ER,TS005,-9.65920638630132,21.3862093827721,Tungusic,1.99704472812779e-07,0.99999961381782
214,ER,TS005,-9.65920638630132,21.3862093827721,Mongolic,6.92934358366129e-08,0.999999861897065
214,ER,TS005,-9.65920638630132,21.3862093827721,Japonic,1.4345142165921e-07,0.999999767910243
214,ER,TS005,-9.65920638630132,21.3862093827721,Koreanic,3.34298217896244e-07,0.999999331406256
214,ARD,TS005,-6.85503771938664,27.2656309943288,Turkic,7.10625233368952e-06,0.980709470411997
214,ARD,TS005,-6.85503771938664,27.2656309943288,Tungusic,3.08681592602026e-05,0.980483230101374
214,ARD,TS005,-6.85503771938664,27.2656309943288,Mongolic,6.42689605133204e-06,0.980846055854674
214,ARD,TS005,-6.85503771938664,27.2656309943288,Japonic,0.000101388695383237,0.977479690589839
214,ARD,TS005,-6.85503771938664,27.2656309943288,Koreanic,1.84319999133849e-08,0.987091295814183
214,ER,TS006,-24.9670305716594,52.0018577534883,Turkic,0.0140398821199905,0.985637640382409
214,ER,TS006,-24.9670305716594,52.0018577534883,Tungusic,0.00288593011934569,0.997055884829153
214,ER,TS006,-24.9670305716594,52.0018577534883,Mongolic,0.00209579014094474,0.997849971824794
214,ER,TS006,-24.9670305716594,52.0018577534883,Japonic,0.699064445522302,0.299610470225565
214,ER,TS006,-24.9670305716594,52.0018577534883,Koreanic,0.99715014734172,0.00261604831892514
214,ARD,TS006,-20.3423479118888,54.2402513793331,Turkic,9.40633500712228e-19,1
214,ARD,TS006,-20.3423479118888,54.2402513793331,Tungusic,1.86869392135626e-20,1
214,ARD,TS006,-20.3423479118888,54.2402513793331,Mongolic,4.63204864541867e-20,1
214,ARD,TS006,-20.3423479118888,54.2402513793331,Japonic,0.0184009930166089,0.762459225244866
214,ARD,TS006,-20.3423479118888,54.2402513793331,Koreanic,0.929363589662546,0.00136447552591195
214,ER,TS007,-18.1641597362815,38.3961160827325,Turkic,7.15802128687124e-07,0.999998574577234
214,ER,TS007,-18.1641597362815,38.3961160827325,Tungusic,8.92727950153137e-07,0.999998267861535
214,ER,TS007,-18.1641597362815,38.3961160827325,Mongolic,3.26600369983588e-07,0.999999349902233
214,ER,TS007,-18.1641597362815,38.3961160827325,Japonic,6.60885949334177e-07,0.999998897110143
214,ER,TS007,-18.1641597362815,38.3961160827325,Koreanic,1.43133330971899e-06,0.999997137351475
214,ARD,TS007,-11.8764179074145,37.3083913703845,Turkic,1.71255775820545e-21,0.967663661543288
214,ARD,TS007,-11.8764179074145,37.3083913703845,Tungusic,1.91417823633464e-21,0.967663043564027
214,ARD,TS007,-11.8764179074145,37.3083913703845,Mongolic,6.4920331205722e-22,0.967668426173285
214,ARD,TS007,-11.8764179074145,37.3083913703845,Japonic,7.63375338411633e-22,0.967679915375246
214,ARD,TS007,-11.8764179074145,37.3083913703845,Koreanic,3.56318799148216e-21,0.967663043608344
214,ER,TS009,-67.2571644580714,136.582125526312,Turkic,0.333333333333333,0.333333333333333
214,ER,TS009,-67.2571644580714,136.582125526312,Tungusic,0.333333333333333,0.333333333333333
214,ER,TS009,-67.2571644580714,136.582125526312,Mongolic,0.333333333333333,0.333333333333333
214,ER,TS009,-67.2571644580714,136.582125526312,Japonic,0.333333333333333,0.333333333333333
214,ER,TS009,-67.2571644580714,136.582125526312,Koreanic,0.333333333333333,0.333333333333333
214,ARD,TS009,-59.8480428347583,133.251641225072,Turkic,0.145082474346866,0.37714573507626
214,ARD,TS009,-59.8480428347583,133.251641225072,Tungusic,0.145082562949621,0.37714569828703
214,ARD,TS009,-59.8480428347583,133.251641225072,Mongolic,0.145083466182052,0.377145319250494
214,ARD,TS009,-59.8480428347583,133.251641225072,Japonic,0.145082521253241,0.377145715781305
214,ARD,TS009,-59.8480428347583,133.251641225072,Koreanic,0.210129469409043,0.350564456904354
214,ER,TS010,-67.2571644580714,136.582125526312,Turkic,0.333333333333333,0.333333333333333
214,ER,TS010,-67.2571644580714,136.582125526312,Tungusic,0.333333333333333,0.333333333333333
214,ER,TS010,-67.2571644580714,136.582125526312,Mongolic,0.333333333333333,0.333333333333333
214,ER,TS010,-67.2571644580714,136.582125526312,Japonic,0.333333333333333,0.333333333333334
214,ER,TS010,-67.2571644580714,136.582125526312,Koreanic,0.333333333333333,0.333333333333333
214,ARD,TS010,-61.1890255154897,135.933606586535,Turkic,0.311887521105857,0.169516913567909
214,ARD,TS010,-61.1890255154897,135.933606586535,Tungusic,0.311887521105857,0.169516913567909
214,ARD,TS010,-61.1890255154897,135.933606586535,Mongolic,0.311887521105857,0.169516913567909
214,ARD,TS010,-61.1890255154897,135.933606586535,Japonic,0.311887521105857,0.169516913567909
214,ARD,TS010,-61.1890255154897,135.933606586535,Koreanic,0.311887521105857,0.169516913567909
214,ER,TS079,-40.7749271409303,83.6176508920302,Turkic,0.9999448506632,2.76142543610645e-05
214,ER,TS079,-40.7749271409303,83.6176508920302,Tungusic,0.96313101183371,0.0357260471314785
214,ER,TS079,-40.7749271409303,83.6176508920302,Mongolic,0.999604268619147,0.00036310854479685
214,ER,TS079,-40.7749271409303,83.6176508920302,Japonic,0.999943964117384,2.87304389681404e-05
214,ER,TS079,-40.7749271409303,83.6176508920302,Koreanic,0.999905688710854,4.77187109854286e-05
214,ARD,TS079,-34.4713681314585,82.4982918184726,Turkic,0.981838304182811,0.0025637324289845
214,ARD,TS079,-34.4713681314585,82.4982918184726,Tungusic,0.489853866986084,0.459924441709503
214,ARD,TS079,-34.4713681314585,82.4982918184726,Mongolic,0.721767505478201,0.139216011537842
214,ARD,TS079,-34.4713681314585,82.4982918184726,Japonic,0.962921031466144,0.00657688755600697
214,ARD,TS079,-34.4713681314585,82.4982918184726,Koreanic,0.990106630920881,0.000285325285167401
214,ER,TS080,-66.3091205363451,134.68603768286,Turkic,0.103076992736139,0.888746678966003
214,ER,TS080,-66.3091205363451,134.68603768286,Tungusic,0.982456591148235,0.0140658657282925
214,ER,TS080,-66.3091205363451,134.68603768286,Mongolic,0.964126297870146,0.0316491635624351
214,ER,TS080,-66.3091205363451,134.68603768286,Japonic,0.800897303052346,0.184499748860685
214,ER,TS080,-66.3091205363451,134.68603768286,Koreanic,0.998265947458399,0.000933953218840668
214,ARD,TS080,-59.2708478093082,132.097251174172,Turkic,0.0726734176565085,0.688622174242564
214,ARD,TS080,-59.2708478093082,132.097251174172,Tungusic,0.841948520130357,0.130881029015305
214,ARD,TS080,-59.2708478093082,132.097251174172,Mongolic,0.801215689272197,0.151412979836398
214,ARD,TS080,-59.2708478093082,132.097251174172,Japonic,0.551894287885608,0.377932140090446
214,ARD,TS080,-59.2708478093082,132.097251174172,Koreanic,0.993507971940998,0.00465180485297944
214,ER,TS086,-3.14314128823851,8.35407918664651,Turkic,7.69706160687227e-08,0.999999923029384
214,ER,TS086,-3.14314128823851,8.35407918664651,Tungusic,9.52340532635985e-08,0.999999904765947
214,ER,TS086,-3.14314128823851,8.35407918664651,Mongolic,3.22459403579638e-08,0.99999996775406
214,ER,TS086,-3.14314128823851,8.35407918664651,Japonic,6.82449512664277e-08,0.999999931755049
214,ER,TS086,-3.14314128823851,8.35407918664651,Koreanic,1.60566054652766e-07,0.999999839433945
214,ARD,TS086,-2.23982432726768,8.6865452062595,Turkic,2.50461748493816e-24,1
214,ARD,TS086,-2.23982432726768,8.6865452062595,Tungusic,2.81585972370419e-24,1
214,ARD,TS086,-2.23982432726768,8.6865452062595,Mongolic,9.5505892314509e-25,1
214,ARD,TS086,-2.23982432726768,8.6865452062595,Japonic,1.11481957556019e-24,1
214,ARD,TS086,-2.23982432726768,8.6865452062595,Koreanic,5.45191882885453e-24,1
214,ER,TS088,-35.9351728609174,73.9381423320043,Turkic,0.999961498372984,1.94733966103159e-05
214,ER,TS088,-35.9351728609174,73.9381423320043,Tungusic,0.997374049898,0.00249573190960407
214,ER,TS088,-35.9351728609174,73.9381423320043,Mongolic,0.523862500042489,0.475488407250738
214,ER,TS088,-35.9351728609174,73.9381423320043,Japonic,0.99995273347192,2.82662326680227e-05
214,ER,TS088,-35.9351728609174,73.9381423320043,Koreanic,0.00162302884696069,0.998192320288492
214,ARD,TS088,-27.5815564950684,68.7186685456924,Turkic,0.968633533645184,0.00917386673494774
214,ARD,TS088,-27.5815564950684,68.7186685456924,Tungusic,0.768140012564884,0.215397395700376
214,ARD,TS088,-27.5815564950684,68.7186685456924,Mongolic,0.0260873826535643,0.973378392265364
214,ARD,TS088,-27.5815564950684,68.7186685456924,Japonic,0.951907069269587,0.0263519375452813
214,ARD,TS088,-27.5815564950684,68.7186685456924,Koreanic,0.000558828517332903,0.999433047560797
